1465344024 1465346124
1465391046 1465444604
1465488869 1465543100
1465587004 1465622520
1467148621 1467212678
1467246398 1467310061
1467343679 1467407736
1467440242 1467506220
1467540116 1467605220
1467633008 1467704541
1467729793 1467804075
1467827146 1467903077
1467924884 1468002074
1468023024 1468099956
1468121271 1468186279
1469682624 1469762182
1469779639 1469859230
1469876163 1469957046
1469972534 1470054973
1470069009 1470153437
1470165889 1470252127
1470263341 1470350850
1470361087 1470449442
1470459285 1470547578
1470557422 1470645455
1470655693 1470742992
1472175998 1472205441
1472216203 1472302036
1472312667 1472399145
1472409119 1472496680
1472505735 1472594667
1472602671 1472692994
1472700084 1472791395
1472797960 1472889718
1472896152 1472987726
1472994422 1473085655
1473092614 1473183063
1473190542 1473280076
1473288344 1473339006
1474702249 1474741054
1474749850 1474837992
1474846394 1474935370
1474942985 1475033179
1475040002 1475131374
1475137541 1475229569
1475235346 1475327838
1475333484 1475425976
1475431753 1475523773
1475529940 1475621238
1475627929 1475718460
1475725677 1475815231
1475822977 1475898741
1477240937 1477276169
1477283780 1477373499
1477380453 1477471301
1477477603 1477569362
1477575007 1477667554
1477672933 1477765824
1477770941 1477863885
1477869134 1477961688
1477967330 1478059212
1478065515 1478156387
1478163215 1478253160
1478260775 1478349699
1478357835 1478446287
1479819027 1479908763
1479916116 1480006883
1480013579 1480104945
1480111379 1480203212
1480209515 1480301217
1480307913 1480399078
1480406300 1480496480
1480504620 1480593569
1480602756 1480690355
1480700591 1480786824
1480797980 1480883293
1480895031 1480980004
1480991611 1481016401
1482378690 1482443480
1482456588 1482541544
1482554389 1482639681
1482652789 1482737745
1482751000 1482835488
1482850036 1482932948
1482948812 1483029886
1483047474 1483126562
1483146106 1483223032
1483244545 1483319502
1483342193 1483416230
1483439314 1483513407
1483535840 1483558947
1484956732 1484977882
1485006436 1485075958
1485104611 1485173948
1485203331 1485271692
1485301998 1485369136
1485401411 1485466080
1485500459 1485562810
1485599684 1485659236
1485698994 1485756003
1485798013 1485852437
1485896400 1485949814
1485994090 1486047730
1487568433 1487610465
1487665906 1487708136
1487763836 1487805561
1487862042 1487902520
1487960853 1487999140
1488059573 1488095530
1488158901 1488192088
1488258404 1488288954
1488358372 1488386443
1488457301 1488484536
1488555878 1488583166
1490126609 1490144620
1490220933 1490241971
1490317498 1490338856
1490414864 1490435492
1490512696 1490531905
1490611374 1490628298
1490710273 1490725195
1490809788 1490822893
1490909356 1490921151
1491007832 1491020022
1491105859 1491118758
1492763083 1492775031
1492860217 1492871553
1492956968 1492967890
1493054920 1493064360
1493153320 1493161296
1493252400 1493259227
1493351450 1493357753
1493450317 1493456398
1493548639 1493555237
1493646020 1493653503
1495298923 1495307051
1495395878 1495403259
1495493232 1495499727
1495591188 1495596665
1495689737 1495694333
1495788436 1495792827
1495887274 1495891787
1495985623 1495990469
1496082902 1496088683
1496179396 1496186355
1500362726 1500370850
1500460654 1500467593
1500559186 1500565468
1500657980 1500663868
1500756716 1500762494
1500854858 1500861292
1500952245 1500959971
1501048992 1501057768
1501145332 1501154900
1501241725 1501251421
1502895583 1502905020
1502994043 1503002298
1503092840 1503100656
1503191370 1503199379
1503289477 1503298783
1503386797 1503397412
1503483514 1503495577
1503579850 1503593221
1503676242 1503690274
1503772712 1503786872
1503869576 1503883477
1505452113 1505457349
1505541381 1505546419
1505630746 1505636244
1505720393 1505726428
1505810446 1505816879
1505900724 1505907552
1505991340 1505998413
1506082131 1506088544
1506173014 1506178791
1506262995 1506268624
1506353124 1506358039
1506442917 1506447439
1507961183 1507995120
1508059382 1508093419
1508157115 1508192694
1508254188 1508291917
1508350912 1508391464
1508447230 1508490671
1508543598 1508589660
1508640273 1508688177
1508737170 1508786670
1508834445 1508884991
1508932110 1508982927
1509029984 1509047823
1510435723 1510458830
1510493671 1510556280
1510591249 1510653595
1510688184 1510751843
1510784881 1510850505
1510881274 1510949266
1510977667 1511047886
1511074375 1511147003
1511171686 1511246259
1511268837 1511344985
1511366304 1511443563
1511464266 1511541965
1511562320 1511621510
1512979242 1513008650
1513025783 1513105225
1513122683 1513202051
1513219245 1513299446
1513315689 1513397465
1513412219 1513495570
1513508888 1513593815
1513605849 1513692228
1513703252 1513790423
1513800923 1513888750
1513898856 1513986757
1513996993 1514084554
1514095053 1514181777
1515557219 1515643166
1515653795 1515740030
1515750134 1515837259
1515846711 1515934746
1515943411 1516032734
1516040345 1516130800
1516137754 1516229125
1516235427 1516327319
1516333489 1516425455
1516431625 1516523238
1516529667 1516620532
1516627617 1516717489
1516725231 1516755537
1518105514 1518177379
1518184726 1518274419
1518281110 1518371694
1518377865 1518469429
1518474943 1518567360
1518572345 1518665554
1518670018 1518763690
1518768150 1518861777
1518866369 1518959667
1518964521 1519056966
1519062480 1519153899
1519160200 1519250442
1519257264 1519298994
1520677042 1520709754
1520716707 1520806993
1520813426 1520904536
1520910443 1521002350
1521007864 1521100541
1521105657 1521198679
1521203795 1521296780
1521302163 1521394606
1521400514 1521491911
1521498602 1521595160
1521596472 1521685298
1521693699 1521781559
1521790485 1521830032
1523265980 1523338863
1523348051 1523436810
1523445339 1523534951
1523542954 1523633141
1523641144 1523731303
1523739700 1523829115
1523838173 1523926354
1523936719 1524023161
1524034839 1524119500
1524132741 1524215761
1524229789 1524312362
1524325861 1524351633
1525833654 1525871248
1525885819 1525969414
1525983328 1526067608
1526081769 1526165745
1526180168 1526263657
1526278994 1526360895
1526377939 1526457568
1526476712 1526554092
1526574816 1526650169
1526672468 1526746694
1526769514 1526843883
1526865661 1526868680
1528431848 1528502001
1528529678 1528600151
1528628091 1528697895
1528727021 1528795081
1528826299 1528891767
1528926143 1528988013
1529024953 1529084239
1529123689 1529180895
1529222089 1529278224
1529319590 1529376156
1530989665 1531033957
1531086924 1531131679
1531283348 1531325445
1531382386 1531421611
1531482067 1531517743
1531581596 1531614467
1531681159 1531711957
1531780098 1531810092
1531878344 1531908494
1533543065 1533565301
1533639890 1533662426
1533736793 1533758870
1533834321 1533855155
1533933007 1533951416
1534032238 1534048149
1534131465 1534145743
1534230693 1534243903
1534329374 1534342454
1534427240 1534440894
1536083169 1536096474
1536179770 1536192940
1536276864 1536289094
1536374774 1536385429
1536472725 1536482293
1536571595 1536579961
1536769458 1536776704
1536867122 1536875262
1536964473 1536973401
1538617498 1538627316
1538714621 1538723458
1538811671 1538819860
1538909919 1538916787
1539303663 1539309572
1539401392 1539407867
1539498288 1539505489
1539595062 1539602779
1541150462 1541158114
1541248018 1541254710
1541345891 1541351143
1541444088 1541448814
1541542616 1541547081
1541641519 1541645721
1541739372 1541743968
1541837094 1541842346
1541934520 1541940297
1542031016 1542037617
1542127416 1542134141
1543682866 1543689808
1543780671 1543786563
1543878960 1543884081
1543977495 1543982222
1544075821 1544080663
1544173802 1544179563
1544271471 1544277888
1544368451 1544375521
1544465321 1544473199
1544561949 1544570351
1544658080 1544667517
1544754548 1544764111
1546215219 1546224672
1546313064 1546321992
1546411463 1546420112
1546509680 1546518985
1546607668 1546617367
1546705135 1546716144
1546802181 1546814375
1547091736 1547107864
1547188364 1547204364
1547285112 1547301100
1548747231 1548766382
1548845612 1548863972
1548943829 1548962976
1549041648 1549061587
1549139089 1549160472
1549236030 1549259907
1549332778 1549358625
1549429168 1549457247
1549525584 1549555156
1549622184 1549653101
1549719124 1549750562
1549816302 1549848314
1549915055 1549917287
