1.465391046000000000e+09 1.465401846000000000e+09
1.465401846000000000e+09 1.465412646000000000e+09
1.465412646000000000e+09 1.465423446000000000e+09
1.465423446000000000e+09 1.465434246000000000e+09
1.465434246000000000e+09 1.465444604000000000e+09
1.465488869000000000e+09 1.465499669000000000e+09
1.465499669000000000e+09 1.465510469000000000e+09
1.465510469000000000e+09 1.465521269000000000e+09
1.465521269000000000e+09 1.465532069000000000e+09
1.465532069000000000e+09 1.465542869000000000e+09
1.465587004000000000e+09 1.465597804000000000e+09
1.465597804000000000e+09 1.465608604000000000e+09
1.465608604000000000e+09 1.465619404000000000e+09
1.467148621000000000e+09 1.467159421000000000e+09
1.467159421000000000e+09 1.467170221000000000e+09
1.467170221000000000e+09 1.467181021000000000e+09
1.467181021000000000e+09 1.467191821000000000e+09
1.467191821000000000e+09 1.467202621000000000e+09
1.467202621000000000e+09 1.467212678000000000e+09
1.467246398000000000e+09 1.467257198000000000e+09
1.467257198000000000e+09 1.467267998000000000e+09
1.467267998000000000e+09 1.467278798000000000e+09
1.467278798000000000e+09 1.467289598000000000e+09
1.467289598000000000e+09 1.467300398000000000e+09
1.467300398000000000e+09 1.467310061000000000e+09
1.467343679000000000e+09 1.467354479000000000e+09
1.467354479000000000e+09 1.467365279000000000e+09
1.467365279000000000e+09 1.467376079000000000e+09
1.467376079000000000e+09 1.467386879000000000e+09
1.467386879000000000e+09 1.467397679000000000e+09
1.467397679000000000e+09 1.467407736000000000e+09
1.467440242000000000e+09 1.467451042000000000e+09
1.467451042000000000e+09 1.467461842000000000e+09
1.467461842000000000e+09 1.467472642000000000e+09
1.467472642000000000e+09 1.467483442000000000e+09
1.467483442000000000e+09 1.467494242000000000e+09
1.467494242000000000e+09 1.467505042000000000e+09
1.467540116000000000e+09 1.467550916000000000e+09
1.467550916000000000e+09 1.467561716000000000e+09
1.467561716000000000e+09 1.467572516000000000e+09
1.467572516000000000e+09 1.467583316000000000e+09
1.467583316000000000e+09 1.467594116000000000e+09
1.467594116000000000e+09 1.467604916000000000e+09
1.467633008000000000e+09 1.467643808000000000e+09
1.467643808000000000e+09 1.467654608000000000e+09
1.467654608000000000e+09 1.467665408000000000e+09
1.467665408000000000e+09 1.467676208000000000e+09
1.467676208000000000e+09 1.467687008000000000e+09
1.467687008000000000e+09 1.467697808000000000e+09
1.467697808000000000e+09 1.467704541000000000e+09
1.467729793000000000e+09 1.467740593000000000e+09
1.467740593000000000e+09 1.467751393000000000e+09
1.467751393000000000e+09 1.467762193000000000e+09
1.467762193000000000e+09 1.467772993000000000e+09
1.467772993000000000e+09 1.467783793000000000e+09
1.467783793000000000e+09 1.467794593000000000e+09
1.467794593000000000e+09 1.467804075000000000e+09
1.467827146000000000e+09 1.467837946000000000e+09
1.467837946000000000e+09 1.467848746000000000e+09
1.467848746000000000e+09 1.467859546000000000e+09
1.467859546000000000e+09 1.467870346000000000e+09
1.467870346000000000e+09 1.467881146000000000e+09
1.467881146000000000e+09 1.467891946000000000e+09
1.467891946000000000e+09 1.467902746000000000e+09
1.467924884000000000e+09 1.467935684000000000e+09
1.467935684000000000e+09 1.467946484000000000e+09
1.467946484000000000e+09 1.467957284000000000e+09
1.467957284000000000e+09 1.467968084000000000e+09
1.467968084000000000e+09 1.467978884000000000e+09
1.467978884000000000e+09 1.467989684000000000e+09
1.467989684000000000e+09 1.468000484000000000e+09
1.468023024000000000e+09 1.468033824000000000e+09
1.468033824000000000e+09 1.468044624000000000e+09
1.468044624000000000e+09 1.468055424000000000e+09
1.468055424000000000e+09 1.468066224000000000e+09
1.468066224000000000e+09 1.468077024000000000e+09
1.468077024000000000e+09 1.468087824000000000e+09
1.468087824000000000e+09 1.468098624000000000e+09
1.468121271000000000e+09 1.468132071000000000e+09
1.468132071000000000e+09 1.468142871000000000e+09
1.468142871000000000e+09 1.468153671000000000e+09
1.468153671000000000e+09 1.468164471000000000e+09
1.468164471000000000e+09 1.468175271000000000e+09
1.468175271000000000e+09 1.468186071000000000e+09
1.469682624000000000e+09 1.469693424000000000e+09
1.469693424000000000e+09 1.469704224000000000e+09
1.469704224000000000e+09 1.469715024000000000e+09
1.469715024000000000e+09 1.469725824000000000e+09
1.469725824000000000e+09 1.469736624000000000e+09
1.469736624000000000e+09 1.469747424000000000e+09
1.469747424000000000e+09 1.469758224000000000e+09
1.469779639000000000e+09 1.469790439000000000e+09
1.469790439000000000e+09 1.469801239000000000e+09
1.469801239000000000e+09 1.469812039000000000e+09
1.469812039000000000e+09 1.469822839000000000e+09
1.469822839000000000e+09 1.469833639000000000e+09
1.469833639000000000e+09 1.469844439000000000e+09
1.469844439000000000e+09 1.469855239000000000e+09
1.469876163000000000e+09 1.469886963000000000e+09
1.469886963000000000e+09 1.469897763000000000e+09
1.469897763000000000e+09 1.469908563000000000e+09
1.469908563000000000e+09 1.469919363000000000e+09
1.469919363000000000e+09 1.469930163000000000e+09
1.469930163000000000e+09 1.469940963000000000e+09
1.469940963000000000e+09 1.469951763000000000e+09
1.469972534000000000e+09 1.469983334000000000e+09
1.469983334000000000e+09 1.469994134000000000e+09
1.469994134000000000e+09 1.470004934000000000e+09
1.470004934000000000e+09 1.470015734000000000e+09
1.470015734000000000e+09 1.470026534000000000e+09
1.470026534000000000e+09 1.470037334000000000e+09
1.470037334000000000e+09 1.470048134000000000e+09
1.470048134000000000e+09 1.470054973000000000e+09
1.470069009000000000e+09 1.470079809000000000e+09
1.470079809000000000e+09 1.470090609000000000e+09
1.470090609000000000e+09 1.470101409000000000e+09
1.470101409000000000e+09 1.470112209000000000e+09
1.470112209000000000e+09 1.470123009000000000e+09
1.470123009000000000e+09 1.470133809000000000e+09
1.470133809000000000e+09 1.470144609000000000e+09
1.470144609000000000e+09 1.470153437000000000e+09
1.470165889000000000e+09 1.470176689000000000e+09
1.470176689000000000e+09 1.470187489000000000e+09
1.470187489000000000e+09 1.470198289000000000e+09
1.470198289000000000e+09 1.470209089000000000e+09
1.470209089000000000e+09 1.470219889000000000e+09
1.470219889000000000e+09 1.470230689000000000e+09
1.470230689000000000e+09 1.470241489000000000e+09
1.470241489000000000e+09 1.470252127000000000e+09
1.470263341000000000e+09 1.470274141000000000e+09
1.470274141000000000e+09 1.470284941000000000e+09
1.470284941000000000e+09 1.470295741000000000e+09
1.470295741000000000e+09 1.470306541000000000e+09
1.470306541000000000e+09 1.470317341000000000e+09
1.470317341000000000e+09 1.470328141000000000e+09
1.470328141000000000e+09 1.470338941000000000e+09
1.470338941000000000e+09 1.470349741000000000e+09
1.470361087000000000e+09 1.470371887000000000e+09
1.470371887000000000e+09 1.470382687000000000e+09
1.470382687000000000e+09 1.470393487000000000e+09
1.470393487000000000e+09 1.470404287000000000e+09
1.470404287000000000e+09 1.470415087000000000e+09
1.470415087000000000e+09 1.470425887000000000e+09
1.470425887000000000e+09 1.470436687000000000e+09
1.470436687000000000e+09 1.470447487000000000e+09
1.470459285000000000e+09 1.470470085000000000e+09
1.470470085000000000e+09 1.470480885000000000e+09
1.470480885000000000e+09 1.470491685000000000e+09
1.470491685000000000e+09 1.470502485000000000e+09
1.470502485000000000e+09 1.470513285000000000e+09
1.470513285000000000e+09 1.470524085000000000e+09
1.470524085000000000e+09 1.470534885000000000e+09
1.470534885000000000e+09 1.470545685000000000e+09
1.470557422000000000e+09 1.470568222000000000e+09
1.470568222000000000e+09 1.470579022000000000e+09
1.470579022000000000e+09 1.470589822000000000e+09
1.470589822000000000e+09 1.470600622000000000e+09
1.470600622000000000e+09 1.470611422000000000e+09
1.470611422000000000e+09 1.470622222000000000e+09
1.470622222000000000e+09 1.470633022000000000e+09
1.470633022000000000e+09 1.470643822000000000e+09
1.470655693000000000e+09 1.470666493000000000e+09
1.470666493000000000e+09 1.470677293000000000e+09
1.470677293000000000e+09 1.470688093000000000e+09
1.470688093000000000e+09 1.470698893000000000e+09
1.470698893000000000e+09 1.470709693000000000e+09
1.470709693000000000e+09 1.470720493000000000e+09
1.470720493000000000e+09 1.470731293000000000e+09
1.470731293000000000e+09 1.470742093000000000e+09
1.472175998000000000e+09 1.472186798000000000e+09
1.472186798000000000e+09 1.472197598000000000e+09
1.472197598000000000e+09 1.472205441000000000e+09
1.472216203000000000e+09 1.472227003000000000e+09
1.472227003000000000e+09 1.472237803000000000e+09
1.472237803000000000e+09 1.472248603000000000e+09
1.472248603000000000e+09 1.472259403000000000e+09
1.472259403000000000e+09 1.472270203000000000e+09
1.472270203000000000e+09 1.472281003000000000e+09
1.472281003000000000e+09 1.472291803000000000e+09
1.472291803000000000e+09 1.472302036000000000e+09
1.472312667000000000e+09 1.472323467000000000e+09
1.472323467000000000e+09 1.472334267000000000e+09
1.472334267000000000e+09 1.472345067000000000e+09
1.472345067000000000e+09 1.472355867000000000e+09
1.472355867000000000e+09 1.472366667000000000e+09
1.472366667000000000e+09 1.472377467000000000e+09
1.472377467000000000e+09 1.472388267000000000e+09
1.472388267000000000e+09 1.472399067000000000e+09
1.472409119000000000e+09 1.472419919000000000e+09
1.472419919000000000e+09 1.472430719000000000e+09
1.472430719000000000e+09 1.472441519000000000e+09
1.472441519000000000e+09 1.472452319000000000e+09
1.472452319000000000e+09 1.472463119000000000e+09
1.472463119000000000e+09 1.472473919000000000e+09
1.472473919000000000e+09 1.472484719000000000e+09
1.472484719000000000e+09 1.472495519000000000e+09
1.472505735000000000e+09 1.472516535000000000e+09
1.472516535000000000e+09 1.472527335000000000e+09
1.472527335000000000e+09 1.472538135000000000e+09
1.472538135000000000e+09 1.472548935000000000e+09
1.472548935000000000e+09 1.472559735000000000e+09
1.472559735000000000e+09 1.472570535000000000e+09
1.472570535000000000e+09 1.472581335000000000e+09
1.472581335000000000e+09 1.472592135000000000e+09
1.472602671000000000e+09 1.472613471000000000e+09
1.472613471000000000e+09 1.472624271000000000e+09
1.472624271000000000e+09 1.472635071000000000e+09
1.472635071000000000e+09 1.472645871000000000e+09
1.472645871000000000e+09 1.472656671000000000e+09
1.472656671000000000e+09 1.472667471000000000e+09
1.472667471000000000e+09 1.472678271000000000e+09
1.472678271000000000e+09 1.472689071000000000e+09
1.472700084000000000e+09 1.472710884000000000e+09
1.472710884000000000e+09 1.472721684000000000e+09
1.472721684000000000e+09 1.472732484000000000e+09
1.472732484000000000e+09 1.472743284000000000e+09
1.472743284000000000e+09 1.472754084000000000e+09
1.472754084000000000e+09 1.472764884000000000e+09
1.472764884000000000e+09 1.472775684000000000e+09
1.472775684000000000e+09 1.472786484000000000e+09
1.472797960000000000e+09 1.472808760000000000e+09
1.472808760000000000e+09 1.472819560000000000e+09
1.472819560000000000e+09 1.472830360000000000e+09
1.472830360000000000e+09 1.472841160000000000e+09
1.472841160000000000e+09 1.472851960000000000e+09
1.472851960000000000e+09 1.472862760000000000e+09
1.472862760000000000e+09 1.472873560000000000e+09
1.472873560000000000e+09 1.472884360000000000e+09
1.472896152000000000e+09 1.472906952000000000e+09
1.472906952000000000e+09 1.472917752000000000e+09
1.472917752000000000e+09 1.472928552000000000e+09
1.472928552000000000e+09 1.472939352000000000e+09
1.472939352000000000e+09 1.472950152000000000e+09
1.472950152000000000e+09 1.472960952000000000e+09
1.472960952000000000e+09 1.472971752000000000e+09
1.472971752000000000e+09 1.472982552000000000e+09
1.472994422000000000e+09 1.473005222000000000e+09
1.473005222000000000e+09 1.473016022000000000e+09
1.473016022000000000e+09 1.473026822000000000e+09
1.473026822000000000e+09 1.473037622000000000e+09
1.473037622000000000e+09 1.473048422000000000e+09
1.473048422000000000e+09 1.473059222000000000e+09
1.473059222000000000e+09 1.473070022000000000e+09
1.473070022000000000e+09 1.473080822000000000e+09
1.473092614000000000e+09 1.473103414000000000e+09
1.473103414000000000e+09 1.473114214000000000e+09
1.473114214000000000e+09 1.473125014000000000e+09
1.473125014000000000e+09 1.473135814000000000e+09
1.473135814000000000e+09 1.473146614000000000e+09
1.473146614000000000e+09 1.473157414000000000e+09
1.473157414000000000e+09 1.473168214000000000e+09
1.473168214000000000e+09 1.473179014000000000e+09
1.473190542000000000e+09 1.473201342000000000e+09
1.473201342000000000e+09 1.473212142000000000e+09
1.473212142000000000e+09 1.473222942000000000e+09
1.473222942000000000e+09 1.473233742000000000e+09
1.473233742000000000e+09 1.473244542000000000e+09
1.473244542000000000e+09 1.473255342000000000e+09
1.473255342000000000e+09 1.473266142000000000e+09
1.473266142000000000e+09 1.473276942000000000e+09
1.473288344000000000e+09 1.473299144000000000e+09
1.473299144000000000e+09 1.473309944000000000e+09
1.473309944000000000e+09 1.473320744000000000e+09
1.473320744000000000e+09 1.473331544000000000e+09
1.473331544000000000e+09 1.473339006000000000e+09
1.474702249000000000e+09 1.474713049000000000e+09
1.474713049000000000e+09 1.474723849000000000e+09
1.474723849000000000e+09 1.474734649000000000e+09
1.474734649000000000e+09 1.474741054000000000e+09
1.474749850000000000e+09 1.474760650000000000e+09
1.474760650000000000e+09 1.474771450000000000e+09
1.474771450000000000e+09 1.474782250000000000e+09
1.474782250000000000e+09 1.474793050000000000e+09
1.474793050000000000e+09 1.474803850000000000e+09
1.474803850000000000e+09 1.474814650000000000e+09
1.474814650000000000e+09 1.474825450000000000e+09
1.474825450000000000e+09 1.474836250000000000e+09
1.474846394000000000e+09 1.474857194000000000e+09
1.474857194000000000e+09 1.474867994000000000e+09
1.474867994000000000e+09 1.474878794000000000e+09
1.474878794000000000e+09 1.474889594000000000e+09
1.474889594000000000e+09 1.474900394000000000e+09
1.474900394000000000e+09 1.474911194000000000e+09
1.474911194000000000e+09 1.474921994000000000e+09
1.474921994000000000e+09 1.474932794000000000e+09
1.474942985000000000e+09 1.474953785000000000e+09
1.474953785000000000e+09 1.474964585000000000e+09
1.474964585000000000e+09 1.474975385000000000e+09
1.474975385000000000e+09 1.474986185000000000e+09
1.474986185000000000e+09 1.474996985000000000e+09
1.474996985000000000e+09 1.475007785000000000e+09
1.475007785000000000e+09 1.475018585000000000e+09
1.475018585000000000e+09 1.475029385000000000e+09
1.475040002000000000e+09 1.475050802000000000e+09
1.475050802000000000e+09 1.475061602000000000e+09
1.475061602000000000e+09 1.475072402000000000e+09
1.475072402000000000e+09 1.475083202000000000e+09
1.475083202000000000e+09 1.475094002000000000e+09
1.475094002000000000e+09 1.475104802000000000e+09
1.475104802000000000e+09 1.475115602000000000e+09
1.475115602000000000e+09 1.475126402000000000e+09
1.475137541000000000e+09 1.475148341000000000e+09
1.475148341000000000e+09 1.475159141000000000e+09
1.475159141000000000e+09 1.475169941000000000e+09
1.475169941000000000e+09 1.475180741000000000e+09
1.475180741000000000e+09 1.475191541000000000e+09
1.475191541000000000e+09 1.475202341000000000e+09
1.475202341000000000e+09 1.475213141000000000e+09
1.475213141000000000e+09 1.475223941000000000e+09
1.475223941000000000e+09 1.475229569000000000e+09
1.475235346000000000e+09 1.475246146000000000e+09
1.475246146000000000e+09 1.475256946000000000e+09
1.475256946000000000e+09 1.475267746000000000e+09
1.475267746000000000e+09 1.475278546000000000e+09
1.475278546000000000e+09 1.475289346000000000e+09
1.475289346000000000e+09 1.475300146000000000e+09
1.475300146000000000e+09 1.475310946000000000e+09
1.475310946000000000e+09 1.475321746000000000e+09
1.475321746000000000e+09 1.475327838000000000e+09
1.475333484000000000e+09 1.475344284000000000e+09
1.475344284000000000e+09 1.475355084000000000e+09
1.475355084000000000e+09 1.475365884000000000e+09
1.475365884000000000e+09 1.475376684000000000e+09
1.475376684000000000e+09 1.475387484000000000e+09
1.475387484000000000e+09 1.475398284000000000e+09
1.475398284000000000e+09 1.475409084000000000e+09
1.475409084000000000e+09 1.475419884000000000e+09
1.475419884000000000e+09 1.475425976000000000e+09
1.475431753000000000e+09 1.475442553000000000e+09
1.475442553000000000e+09 1.475453353000000000e+09
1.475453353000000000e+09 1.475464153000000000e+09
1.475464153000000000e+09 1.475474953000000000e+09
1.475474953000000000e+09 1.475485753000000000e+09
1.475485753000000000e+09 1.475496553000000000e+09
1.475496553000000000e+09 1.475507353000000000e+09
1.475507353000000000e+09 1.475518153000000000e+09
1.475518153000000000e+09 1.475523773000000000e+09
1.475529940000000000e+09 1.475540740000000000e+09
1.475540740000000000e+09 1.475551540000000000e+09
1.475551540000000000e+09 1.475562340000000000e+09
1.475562340000000000e+09 1.475573140000000000e+09
1.475573140000000000e+09 1.475583940000000000e+09
1.475583940000000000e+09 1.475594740000000000e+09
1.475594740000000000e+09 1.475605540000000000e+09
1.475605540000000000e+09 1.475616340000000000e+09
1.475627929000000000e+09 1.475638729000000000e+09
1.475638729000000000e+09 1.475649529000000000e+09
1.475649529000000000e+09 1.475660329000000000e+09
1.475660329000000000e+09 1.475671129000000000e+09
1.475671129000000000e+09 1.475681929000000000e+09
1.475681929000000000e+09 1.475692729000000000e+09
1.475692729000000000e+09 1.475703529000000000e+09
1.475703529000000000e+09 1.475714329000000000e+09
1.475725677000000000e+09 1.475736477000000000e+09
1.475736477000000000e+09 1.475747277000000000e+09
1.475747277000000000e+09 1.475758077000000000e+09
1.475758077000000000e+09 1.475768877000000000e+09
1.475768877000000000e+09 1.475779677000000000e+09
1.475779677000000000e+09 1.475790477000000000e+09
1.475790477000000000e+09 1.475801277000000000e+09
1.475801277000000000e+09 1.475812077000000000e+09
1.475822977000000000e+09 1.475833777000000000e+09
1.475833777000000000e+09 1.475844577000000000e+09
1.475844577000000000e+09 1.475855377000000000e+09
1.475855377000000000e+09 1.475866177000000000e+09
1.475866177000000000e+09 1.475876977000000000e+09
1.475876977000000000e+09 1.475887777000000000e+09
1.475887777000000000e+09 1.475898577000000000e+09
1.477240937000000000e+09 1.477251737000000000e+09
1.477251737000000000e+09 1.477262537000000000e+09
1.477262537000000000e+09 1.477273337000000000e+09
1.477283780000000000e+09 1.477294580000000000e+09
1.477294580000000000e+09 1.477305380000000000e+09
1.477305380000000000e+09 1.477316180000000000e+09
1.477316180000000000e+09 1.477326980000000000e+09
1.477326980000000000e+09 1.477337780000000000e+09
1.477337780000000000e+09 1.477348580000000000e+09
1.477348580000000000e+09 1.477359380000000000e+09
1.477359380000000000e+09 1.477370180000000000e+09
1.477380453000000000e+09 1.477391253000000000e+09
1.477391253000000000e+09 1.477402053000000000e+09
1.477402053000000000e+09 1.477412853000000000e+09
1.477412853000000000e+09 1.477423653000000000e+09
1.477423653000000000e+09 1.477434453000000000e+09
1.477434453000000000e+09 1.477445253000000000e+09
1.477445253000000000e+09 1.477456053000000000e+09
1.477456053000000000e+09 1.477466853000000000e+09
1.477477603000000000e+09 1.477488403000000000e+09
1.477488403000000000e+09 1.477499203000000000e+09
1.477499203000000000e+09 1.477510003000000000e+09
1.477510003000000000e+09 1.477520803000000000e+09
1.477520803000000000e+09 1.477531603000000000e+09
1.477531603000000000e+09 1.477542403000000000e+09
1.477542403000000000e+09 1.477553203000000000e+09
1.477553203000000000e+09 1.477564003000000000e+09
1.477575007000000000e+09 1.477585807000000000e+09
1.477585807000000000e+09 1.477596607000000000e+09
1.477596607000000000e+09 1.477607407000000000e+09
1.477607407000000000e+09 1.477618207000000000e+09
1.477618207000000000e+09 1.477629007000000000e+09
1.477629007000000000e+09 1.477639807000000000e+09
1.477639807000000000e+09 1.477650607000000000e+09
1.477650607000000000e+09 1.477661407000000000e+09
1.477661407000000000e+09 1.477667554000000000e+09
1.477672933000000000e+09 1.477683733000000000e+09
1.477683733000000000e+09 1.477694533000000000e+09
1.477694533000000000e+09 1.477705333000000000e+09
1.477705333000000000e+09 1.477716133000000000e+09
1.477716133000000000e+09 1.477726933000000000e+09
1.477726933000000000e+09 1.477737733000000000e+09
1.477737733000000000e+09 1.477748533000000000e+09
1.477748533000000000e+09 1.477759333000000000e+09
1.477759333000000000e+09 1.477765824000000000e+09
1.477770941000000000e+09 1.477781741000000000e+09
1.477781741000000000e+09 1.477792541000000000e+09
1.477792541000000000e+09 1.477803341000000000e+09
1.477803341000000000e+09 1.477814141000000000e+09
1.477814141000000000e+09 1.477824941000000000e+09
1.477824941000000000e+09 1.477835741000000000e+09
1.477835741000000000e+09 1.477846541000000000e+09
1.477846541000000000e+09 1.477857341000000000e+09
1.477857341000000000e+09 1.477863885000000000e+09
1.477869134000000000e+09 1.477879934000000000e+09
1.477879934000000000e+09 1.477890734000000000e+09
1.477890734000000000e+09 1.477901534000000000e+09
1.477901534000000000e+09 1.477912334000000000e+09
1.477912334000000000e+09 1.477923134000000000e+09
1.477923134000000000e+09 1.477933934000000000e+09
1.477933934000000000e+09 1.477944734000000000e+09
1.477944734000000000e+09 1.477955534000000000e+09
1.477955534000000000e+09 1.477961688000000000e+09
1.477967330000000000e+09 1.477978130000000000e+09
1.477978130000000000e+09 1.477988930000000000e+09
1.477988930000000000e+09 1.477999730000000000e+09
1.477999730000000000e+09 1.478010530000000000e+09
1.478010530000000000e+09 1.478021330000000000e+09
1.478021330000000000e+09 1.478032130000000000e+09
1.478032130000000000e+09 1.478042930000000000e+09
1.478042930000000000e+09 1.478053730000000000e+09
1.478053730000000000e+09 1.478059212000000000e+09
1.478065515000000000e+09 1.478076315000000000e+09
1.478076315000000000e+09 1.478087115000000000e+09
1.478087115000000000e+09 1.478097915000000000e+09
1.478097915000000000e+09 1.478108715000000000e+09
1.478108715000000000e+09 1.478119515000000000e+09
1.478119515000000000e+09 1.478130315000000000e+09
1.478130315000000000e+09 1.478141115000000000e+09
1.478141115000000000e+09 1.478151915000000000e+09
1.478163215000000000e+09 1.478174015000000000e+09
1.478174015000000000e+09 1.478184815000000000e+09
1.478184815000000000e+09 1.478195615000000000e+09
1.478195615000000000e+09 1.478206415000000000e+09
1.478206415000000000e+09 1.478217215000000000e+09
1.478217215000000000e+09 1.478228015000000000e+09
1.478228015000000000e+09 1.478238815000000000e+09
1.478238815000000000e+09 1.478249615000000000e+09
1.478260775000000000e+09 1.478271575000000000e+09
1.478271575000000000e+09 1.478282375000000000e+09
1.478282375000000000e+09 1.478293175000000000e+09
1.478293175000000000e+09 1.478303975000000000e+09
1.478303975000000000e+09 1.478314775000000000e+09
1.478314775000000000e+09 1.478325575000000000e+09
1.478325575000000000e+09 1.478336375000000000e+09
1.478336375000000000e+09 1.478347175000000000e+09
1.478357835000000000e+09 1.478368635000000000e+09
1.478368635000000000e+09 1.478379435000000000e+09
1.478379435000000000e+09 1.478390235000000000e+09
1.478390235000000000e+09 1.478401035000000000e+09
1.478401035000000000e+09 1.478411835000000000e+09
1.478411835000000000e+09 1.478422635000000000e+09
1.478422635000000000e+09 1.478433435000000000e+09
1.478433435000000000e+09 1.478444235000000000e+09
1.479819027000000000e+09 1.479829827000000000e+09
1.479829827000000000e+09 1.479840627000000000e+09
1.479840627000000000e+09 1.479851427000000000e+09
1.479851427000000000e+09 1.479862227000000000e+09
1.479862227000000000e+09 1.479873027000000000e+09
1.479873027000000000e+09 1.479883827000000000e+09
1.479883827000000000e+09 1.479894627000000000e+09
1.479894627000000000e+09 1.479905427000000000e+09
1.479916116000000000e+09 1.479926916000000000e+09
1.479926916000000000e+09 1.479937716000000000e+09
1.479937716000000000e+09 1.479948516000000000e+09
1.479948516000000000e+09 1.479959316000000000e+09
1.479959316000000000e+09 1.479970116000000000e+09
1.479970116000000000e+09 1.479980916000000000e+09
1.479980916000000000e+09 1.479991716000000000e+09
1.479991716000000000e+09 1.480002516000000000e+09
1.480013579000000000e+09 1.480024379000000000e+09
1.480024379000000000e+09 1.480035179000000000e+09
1.480035179000000000e+09 1.480045979000000000e+09
1.480045979000000000e+09 1.480056779000000000e+09
1.480056779000000000e+09 1.480067579000000000e+09
1.480067579000000000e+09 1.480078379000000000e+09
1.480078379000000000e+09 1.480089179000000000e+09
1.480089179000000000e+09 1.480099979000000000e+09
1.480111379000000000e+09 1.480122179000000000e+09
1.480122179000000000e+09 1.480132979000000000e+09
1.480132979000000000e+09 1.480143779000000000e+09
1.480143779000000000e+09 1.480154579000000000e+09
1.480154579000000000e+09 1.480165379000000000e+09
1.480165379000000000e+09 1.480176179000000000e+09
1.480176179000000000e+09 1.480186979000000000e+09
1.480186979000000000e+09 1.480197779000000000e+09
1.480197779000000000e+09 1.480203212000000000e+09
1.480209515000000000e+09 1.480220315000000000e+09
1.480220315000000000e+09 1.480231115000000000e+09
1.480231115000000000e+09 1.480241915000000000e+09
1.480241915000000000e+09 1.480252715000000000e+09
1.480252715000000000e+09 1.480263515000000000e+09
1.480263515000000000e+09 1.480274315000000000e+09
1.480274315000000000e+09 1.480285115000000000e+09
1.480285115000000000e+09 1.480295915000000000e+09
1.480307913000000000e+09 1.480318713000000000e+09
1.480318713000000000e+09 1.480329513000000000e+09
1.480329513000000000e+09 1.480340313000000000e+09
1.480340313000000000e+09 1.480351113000000000e+09
1.480351113000000000e+09 1.480361913000000000e+09
1.480361913000000000e+09 1.480372713000000000e+09
1.480372713000000000e+09 1.480383513000000000e+09
1.480383513000000000e+09 1.480394313000000000e+09
1.480406300000000000e+09 1.480417100000000000e+09
1.480417100000000000e+09 1.480427900000000000e+09
1.480427900000000000e+09 1.480438700000000000e+09
1.480438700000000000e+09 1.480449500000000000e+09
1.480449500000000000e+09 1.480460300000000000e+09
1.480460300000000000e+09 1.480471100000000000e+09
1.480471100000000000e+09 1.480481900000000000e+09
1.480481900000000000e+09 1.480492700000000000e+09
1.480504620000000000e+09 1.480515420000000000e+09
1.480515420000000000e+09 1.480526220000000000e+09
1.480526220000000000e+09 1.480537020000000000e+09
1.480537020000000000e+09 1.480547820000000000e+09
1.480547820000000000e+09 1.480558620000000000e+09
1.480558620000000000e+09 1.480569420000000000e+09
1.480569420000000000e+09 1.480580220000000000e+09
1.480580220000000000e+09 1.480591020000000000e+09
1.480602756000000000e+09 1.480613556000000000e+09
1.480613556000000000e+09 1.480624356000000000e+09
1.480624356000000000e+09 1.480635156000000000e+09
1.480635156000000000e+09 1.480645956000000000e+09
1.480645956000000000e+09 1.480656756000000000e+09
1.480656756000000000e+09 1.480667556000000000e+09
1.480667556000000000e+09 1.480678356000000000e+09
1.480678356000000000e+09 1.480689156000000000e+09
1.480700591000000000e+09 1.480711391000000000e+09
1.480711391000000000e+09 1.480722191000000000e+09
1.480722191000000000e+09 1.480732991000000000e+09
1.480732991000000000e+09 1.480743791000000000e+09
1.480743791000000000e+09 1.480754591000000000e+09
1.480754591000000000e+09 1.480765391000000000e+09
1.480765391000000000e+09 1.480776191000000000e+09
1.480776191000000000e+09 1.480786824000000000e+09
1.480797980000000000e+09 1.480808780000000000e+09
1.480808780000000000e+09 1.480819580000000000e+09
1.480819580000000000e+09 1.480830380000000000e+09
1.480830380000000000e+09 1.480841180000000000e+09
1.480841180000000000e+09 1.480851980000000000e+09
1.480851980000000000e+09 1.480862780000000000e+09
1.480862780000000000e+09 1.480873580000000000e+09
1.480873580000000000e+09 1.480883293000000000e+09
1.480895031000000000e+09 1.480905831000000000e+09
1.480905831000000000e+09 1.480916631000000000e+09
1.480916631000000000e+09 1.480927431000000000e+09
1.480927431000000000e+09 1.480938231000000000e+09
1.480938231000000000e+09 1.480949031000000000e+09
1.480949031000000000e+09 1.480959831000000000e+09
1.480959831000000000e+09 1.480970631000000000e+09
1.480970631000000000e+09 1.480980004000000000e+09
1.480991611000000000e+09 1.481002411000000000e+09
1.481002411000000000e+09 1.481013211000000000e+09
1.482378690000000000e+09 1.482389490000000000e+09
1.482389490000000000e+09 1.482400290000000000e+09
1.482400290000000000e+09 1.482411090000000000e+09
1.482411090000000000e+09 1.482421890000000000e+09
1.482421890000000000e+09 1.482432690000000000e+09
1.482432690000000000e+09 1.482443480000000000e+09
1.482456588000000000e+09 1.482467388000000000e+09
1.482467388000000000e+09 1.482478188000000000e+09
1.482478188000000000e+09 1.482488988000000000e+09
1.482488988000000000e+09 1.482499788000000000e+09
1.482499788000000000e+09 1.482510588000000000e+09
1.482510588000000000e+09 1.482521388000000000e+09
1.482521388000000000e+09 1.482532188000000000e+09
1.482532188000000000e+09 1.482541544000000000e+09
1.482554389000000000e+09 1.482565189000000000e+09
1.482565189000000000e+09 1.482575989000000000e+09
1.482575989000000000e+09 1.482586789000000000e+09
1.482586789000000000e+09 1.482597589000000000e+09
1.482597589000000000e+09 1.482608389000000000e+09
1.482608389000000000e+09 1.482619189000000000e+09
1.482619189000000000e+09 1.482629989000000000e+09
1.482629989000000000e+09 1.482639681000000000e+09
1.482652789000000000e+09 1.482663589000000000e+09
1.482663589000000000e+09 1.482674389000000000e+09
1.482674389000000000e+09 1.482685189000000000e+09
1.482685189000000000e+09 1.482695989000000000e+09
1.482695989000000000e+09 1.482706789000000000e+09
1.482706789000000000e+09 1.482717589000000000e+09
1.482717589000000000e+09 1.482728389000000000e+09
1.482728389000000000e+09 1.482737745000000000e+09
1.482751000000000000e+09 1.482761800000000000e+09
1.482761800000000000e+09 1.482772600000000000e+09
1.482772600000000000e+09 1.482783400000000000e+09
1.482783400000000000e+09 1.482794200000000000e+09
1.482794200000000000e+09 1.482805000000000000e+09
1.482805000000000000e+09 1.482815800000000000e+09
1.482815800000000000e+09 1.482826600000000000e+09
1.482826600000000000e+09 1.482835488000000000e+09
1.482850036000000000e+09 1.482860836000000000e+09
1.482860836000000000e+09 1.482871636000000000e+09
1.482871636000000000e+09 1.482882436000000000e+09
1.482882436000000000e+09 1.482893236000000000e+09
1.482893236000000000e+09 1.482904036000000000e+09
1.482904036000000000e+09 1.482914836000000000e+09
1.482914836000000000e+09 1.482925636000000000e+09
1.482925636000000000e+09 1.482932948000000000e+09
1.482948812000000000e+09 1.482959612000000000e+09
1.482959612000000000e+09 1.482970412000000000e+09
1.482970412000000000e+09 1.482981212000000000e+09
1.482981212000000000e+09 1.482992012000000000e+09
1.482992012000000000e+09 1.483002812000000000e+09
1.483002812000000000e+09 1.483013612000000000e+09
1.483013612000000000e+09 1.483024412000000000e+09
1.483024412000000000e+09 1.483029886000000000e+09
1.483047474000000000e+09 1.483058274000000000e+09
1.483058274000000000e+09 1.483069074000000000e+09
1.483069074000000000e+09 1.483079874000000000e+09
1.483079874000000000e+09 1.483090674000000000e+09
1.483090674000000000e+09 1.483101474000000000e+09
1.483101474000000000e+09 1.483112274000000000e+09
1.483112274000000000e+09 1.483123074000000000e+09
1.483146106000000000e+09 1.483156906000000000e+09
1.483156906000000000e+09 1.483167706000000000e+09
1.483167706000000000e+09 1.483178506000000000e+09
1.483178506000000000e+09 1.483189306000000000e+09
1.483189306000000000e+09 1.483200106000000000e+09
1.483200106000000000e+09 1.483210906000000000e+09
1.483210906000000000e+09 1.483221706000000000e+09
1.483244545000000000e+09 1.483255345000000000e+09
1.483255345000000000e+09 1.483266145000000000e+09
1.483266145000000000e+09 1.483276945000000000e+09
1.483276945000000000e+09 1.483287745000000000e+09
1.483287745000000000e+09 1.483298545000000000e+09
1.483298545000000000e+09 1.483309345000000000e+09
1.483309345000000000e+09 1.483319502000000000e+09
1.483342193000000000e+09 1.483352993000000000e+09
1.483352993000000000e+09 1.483363793000000000e+09
1.483363793000000000e+09 1.483374593000000000e+09
1.483374593000000000e+09 1.483385393000000000e+09
1.483385393000000000e+09 1.483396193000000000e+09
1.483396193000000000e+09 1.483406993000000000e+09
1.483406993000000000e+09 1.483416230000000000e+09
1.483439314000000000e+09 1.483450114000000000e+09
1.483450114000000000e+09 1.483460914000000000e+09
1.483460914000000000e+09 1.483471714000000000e+09
1.483471714000000000e+09 1.483482514000000000e+09
1.483482514000000000e+09 1.483493314000000000e+09
1.483493314000000000e+09 1.483504114000000000e+09
1.483504114000000000e+09 1.483513407000000000e+09
1.483535840000000000e+09 1.483546640000000000e+09
1.483546640000000000e+09 1.483557440000000000e+09
1.484956732000000000e+09 1.484967532000000000e+09
1.484967532000000000e+09 1.484977882000000000e+09
1.485006436000000000e+09 1.485017236000000000e+09
1.485017236000000000e+09 1.485028036000000000e+09
1.485028036000000000e+09 1.485038836000000000e+09
1.485038836000000000e+09 1.485049636000000000e+09
1.485049636000000000e+09 1.485060436000000000e+09
1.485060436000000000e+09 1.485071236000000000e+09
1.485104611000000000e+09 1.485115411000000000e+09
1.485115411000000000e+09 1.485126211000000000e+09
1.485126211000000000e+09 1.485137011000000000e+09
1.485137011000000000e+09 1.485147811000000000e+09
1.485147811000000000e+09 1.485158611000000000e+09
1.485158611000000000e+09 1.485169411000000000e+09
1.485203331000000000e+09 1.485214131000000000e+09
1.485214131000000000e+09 1.485224931000000000e+09
1.485224931000000000e+09 1.485235731000000000e+09
1.485235731000000000e+09 1.485246531000000000e+09
1.485246531000000000e+09 1.485257331000000000e+09
1.485257331000000000e+09 1.485268131000000000e+09
1.485301998000000000e+09 1.485312798000000000e+09
1.485312798000000000e+09 1.485323598000000000e+09
1.485323598000000000e+09 1.485334398000000000e+09
1.485334398000000000e+09 1.485345198000000000e+09
1.485345198000000000e+09 1.485355998000000000e+09
1.485355998000000000e+09 1.485366798000000000e+09
1.485401411000000000e+09 1.485412211000000000e+09
1.485412211000000000e+09 1.485423011000000000e+09
1.485423011000000000e+09 1.485433811000000000e+09
1.485433811000000000e+09 1.485444611000000000e+09
1.485444611000000000e+09 1.485455411000000000e+09
1.485455411000000000e+09 1.485466080000000000e+09
1.485500459000000000e+09 1.485511259000000000e+09
1.485511259000000000e+09 1.485522059000000000e+09
1.485522059000000000e+09 1.485532859000000000e+09
1.485532859000000000e+09 1.485543659000000000e+09
1.485543659000000000e+09 1.485554459000000000e+09
1.485554459000000000e+09 1.485562810000000000e+09
1.485599684000000000e+09 1.485610484000000000e+09
1.485610484000000000e+09 1.485621284000000000e+09
1.485621284000000000e+09 1.485632084000000000e+09
1.485632084000000000e+09 1.485642884000000000e+09
1.485642884000000000e+09 1.485653684000000000e+09
1.485653684000000000e+09 1.485659236000000000e+09
1.485698994000000000e+09 1.485709794000000000e+09
1.485709794000000000e+09 1.485720594000000000e+09
1.485720594000000000e+09 1.485731394000000000e+09
1.485731394000000000e+09 1.485742194000000000e+09
1.485742194000000000e+09 1.485752994000000000e+09
1.485798013000000000e+09 1.485808813000000000e+09
1.485808813000000000e+09 1.485819613000000000e+09
1.485819613000000000e+09 1.485830413000000000e+09
1.485830413000000000e+09 1.485841213000000000e+09
1.485841213000000000e+09 1.485852013000000000e+09
1.485896400000000000e+09 1.485907200000000000e+09
1.485907200000000000e+09 1.485918000000000000e+09
1.485918000000000000e+09 1.485928800000000000e+09
1.485928800000000000e+09 1.485939600000000000e+09
1.485939600000000000e+09 1.485949814000000000e+09
1.485994090000000000e+09 1.486004890000000000e+09
1.486004890000000000e+09 1.486015690000000000e+09
1.486015690000000000e+09 1.486026490000000000e+09
1.486026490000000000e+09 1.486037290000000000e+09
1.486037290000000000e+09 1.486047730000000000e+09
1.487568433000000000e+09 1.487579233000000000e+09
1.487579233000000000e+09 1.487590033000000000e+09
1.487590033000000000e+09 1.487600833000000000e+09
1.487600833000000000e+09 1.487610465000000000e+09
1.487665906000000000e+09 1.487676706000000000e+09
1.487676706000000000e+09 1.487687506000000000e+09
1.487687506000000000e+09 1.487698306000000000e+09
1.487698306000000000e+09 1.487708136000000000e+09
1.487763836000000000e+09 1.487774636000000000e+09
1.487774636000000000e+09 1.487785436000000000e+09
1.487785436000000000e+09 1.487796236000000000e+09
1.487796236000000000e+09 1.487805561000000000e+09
1.487862042000000000e+09 1.487872842000000000e+09
1.487872842000000000e+09 1.487883642000000000e+09
1.487883642000000000e+09 1.487894442000000000e+09
1.487894442000000000e+09 1.487902520000000000e+09
1.487960853000000000e+09 1.487971653000000000e+09
1.487971653000000000e+09 1.487982453000000000e+09
1.487982453000000000e+09 1.487993253000000000e+09
1.487993253000000000e+09 1.487999140000000000e+09
1.488059573000000000e+09 1.488070373000000000e+09
1.488070373000000000e+09 1.488081173000000000e+09
1.488081173000000000e+09 1.488091973000000000e+09
1.488158901000000000e+09 1.488169701000000000e+09
1.488169701000000000e+09 1.488180501000000000e+09
1.488180501000000000e+09 1.488191301000000000e+09
1.488258404000000000e+09 1.488269204000000000e+09
1.488269204000000000e+09 1.488280004000000000e+09
1.488280004000000000e+09 1.488288954000000000e+09
1.488358372000000000e+09 1.488369172000000000e+09
1.488369172000000000e+09 1.488379972000000000e+09
1.488379972000000000e+09 1.488386443000000000e+09
1.488457301000000000e+09 1.488468101000000000e+09
1.488468101000000000e+09 1.488478901000000000e+09
1.488478901000000000e+09 1.488484536000000000e+09
1.488555878000000000e+09 1.488566678000000000e+09
1.488566678000000000e+09 1.488577478000000000e+09
1.488577478000000000e+09 1.488583166000000000e+09
1.490126609000000000e+09 1.490137409000000000e+09
1.490137409000000000e+09 1.490144620000000000e+09
1.490220933000000000e+09 1.490231733000000000e+09
1.490231733000000000e+09 1.490241971000000000e+09
1.490317498000000000e+09 1.490328298000000000e+09
1.490328298000000000e+09 1.490338856000000000e+09
1.490414864000000000e+09 1.490425664000000000e+09
1.490425664000000000e+09 1.490435492000000000e+09
1.490512696000000000e+09 1.490523496000000000e+09
1.490523496000000000e+09 1.490531905000000000e+09
1.490611374000000000e+09 1.490622174000000000e+09
1.490622174000000000e+09 1.490628298000000000e+09
1.490710273000000000e+09 1.490721073000000000e+09
1.490809788000000000e+09 1.490820588000000000e+09
1.490909356000000000e+09 1.490920156000000000e+09
1.491007832000000000e+09 1.491018632000000000e+09
1.491105859000000000e+09 1.491116659000000000e+09
1.492763083000000000e+09 1.492773883000000000e+09
1.492860217000000000e+09 1.492871017000000000e+09
1.492956968000000000e+09 1.492967768000000000e+09
1.493054920000000000e+09 1.493064360000000000e+09
1.493153320000000000e+09 1.493161296000000000e+09
1.493252400000000000e+09 1.493259227000000000e+09
1.493351450000000000e+09 1.493357753000000000e+09
1.493450317000000000e+09 1.493456398000000000e+09
1.493548639000000000e+09 1.493555237000000000e+09
1.493646020000000000e+09 1.493653503000000000e+09
1.495298923000000000e+09 1.495307051000000000e+09
1.495395878000000000e+09 1.495403259000000000e+09
1.495493232000000000e+09 1.495499727000000000e+09
1.495591188000000000e+09 1.495596665000000000e+09
1.496082902000000000e+09 1.496088683000000000e+09
1.496179396000000000e+09 1.496186355000000000e+09
1.500362726000000000e+09 1.500370850000000000e+09
1.500460654000000000e+09 1.500467593000000000e+09
1.500559186000000000e+09 1.500565468000000000e+09
1.500657980000000000e+09 1.500663868000000000e+09
1.500756716000000000e+09 1.500762494000000000e+09
1.500854858000000000e+09 1.500861292000000000e+09
1.500952245000000000e+09 1.500959971000000000e+09
1.501048992000000000e+09 1.501057768000000000e+09
1.501145332000000000e+09 1.501154900000000000e+09
1.501241725000000000e+09 1.501251421000000000e+09
1.502895583000000000e+09 1.502905020000000000e+09
1.502994043000000000e+09 1.503002298000000000e+09
1.503092840000000000e+09 1.503100656000000000e+09
1.503191370000000000e+09 1.503199379000000000e+09
1.503289477000000000e+09 1.503298783000000000e+09
1.503386797000000000e+09 1.503397412000000000e+09
1.503483514000000000e+09 1.503494314000000000e+09
1.503579850000000000e+09 1.503590650000000000e+09
1.503676242000000000e+09 1.503687042000000000e+09
1.503772712000000000e+09 1.503783512000000000e+09
1.503869576000000000e+09 1.503880376000000000e+09
1.505630746000000000e+09 1.505636244000000000e+09
1.505720393000000000e+09 1.505726428000000000e+09
1.505810446000000000e+09 1.505816879000000000e+09
1.505900724000000000e+09 1.505907552000000000e+09
1.505991340000000000e+09 1.505998413000000000e+09
1.506082131000000000e+09 1.506088544000000000e+09
1.506173014000000000e+09 1.506178791000000000e+09
1.506262995000000000e+09 1.506268624000000000e+09
1.507961183000000000e+09 1.507971983000000000e+09
1.507971983000000000e+09 1.507982783000000000e+09
1.507982783000000000e+09 1.507993583000000000e+09
1.508059382000000000e+09 1.508070182000000000e+09
1.508070182000000000e+09 1.508080982000000000e+09
1.508080982000000000e+09 1.508091782000000000e+09
1.508157115000000000e+09 1.508167915000000000e+09
1.508167915000000000e+09 1.508178715000000000e+09
1.508178715000000000e+09 1.508189515000000000e+09
1.508254188000000000e+09 1.508264988000000000e+09
1.508264988000000000e+09 1.508275788000000000e+09
1.508275788000000000e+09 1.508286588000000000e+09
1.508350912000000000e+09 1.508361712000000000e+09
1.508361712000000000e+09 1.508372512000000000e+09
1.508372512000000000e+09 1.508383312000000000e+09
1.508383312000000000e+09 1.508391464000000000e+09
1.508447230000000000e+09 1.508458030000000000e+09
1.508458030000000000e+09 1.508468830000000000e+09
1.508468830000000000e+09 1.508479630000000000e+09
1.508479630000000000e+09 1.508490430000000000e+09
1.508543598000000000e+09 1.508554398000000000e+09
1.508554398000000000e+09 1.508565198000000000e+09
1.508565198000000000e+09 1.508575998000000000e+09
1.508575998000000000e+09 1.508586798000000000e+09
1.508640273000000000e+09 1.508651073000000000e+09
1.508651073000000000e+09 1.508661873000000000e+09
1.508661873000000000e+09 1.508672673000000000e+09
1.508672673000000000e+09 1.508683473000000000e+09
1.508737170000000000e+09 1.508747970000000000e+09
1.508747970000000000e+09 1.508758770000000000e+09
1.508758770000000000e+09 1.508769570000000000e+09
1.508769570000000000e+09 1.508780370000000000e+09
1.508780370000000000e+09 1.508786670000000000e+09
1.508834445000000000e+09 1.508845245000000000e+09
1.508845245000000000e+09 1.508856045000000000e+09
1.508856045000000000e+09 1.508866845000000000e+09
1.508866845000000000e+09 1.508877645000000000e+09
1.508877645000000000e+09 1.508884991000000000e+09
1.508932110000000000e+09 1.508942910000000000e+09
1.508942910000000000e+09 1.508953710000000000e+09
1.508953710000000000e+09 1.508964510000000000e+09
1.508964510000000000e+09 1.508975310000000000e+09
1.508975310000000000e+09 1.508982927000000000e+09
1.509029984000000000e+09 1.509040784000000000e+09
1.509040784000000000e+09 1.509047823000000000e+09
1.510435723000000000e+09 1.510446523000000000e+09
1.510446523000000000e+09 1.510457323000000000e+09
1.510493671000000000e+09 1.510504471000000000e+09
1.510504471000000000e+09 1.510515271000000000e+09
1.510515271000000000e+09 1.510526071000000000e+09
1.510526071000000000e+09 1.510536871000000000e+09
1.510536871000000000e+09 1.510547671000000000e+09
1.510547671000000000e+09 1.510556280000000000e+09
1.510591249000000000e+09 1.510602049000000000e+09
1.510602049000000000e+09 1.510612849000000000e+09
1.510612849000000000e+09 1.510623649000000000e+09
1.510623649000000000e+09 1.510634449000000000e+09
1.510634449000000000e+09 1.510645249000000000e+09
1.510645249000000000e+09 1.510653595000000000e+09
1.510688184000000000e+09 1.510698984000000000e+09
1.510698984000000000e+09 1.510709784000000000e+09
1.510709784000000000e+09 1.510720584000000000e+09
1.510720584000000000e+09 1.510731384000000000e+09
1.510731384000000000e+09 1.510742184000000000e+09
1.510742184000000000e+09 1.510751843000000000e+09
1.510784881000000000e+09 1.510795681000000000e+09
1.510795681000000000e+09 1.510806481000000000e+09
1.510806481000000000e+09 1.510817281000000000e+09
1.510817281000000000e+09 1.510828081000000000e+09
1.510828081000000000e+09 1.510838881000000000e+09
1.510838881000000000e+09 1.510849681000000000e+09
1.510881274000000000e+09 1.510892074000000000e+09
1.510892074000000000e+09 1.510902874000000000e+09
1.510902874000000000e+09 1.510913674000000000e+09
1.510913674000000000e+09 1.510924474000000000e+09
1.510924474000000000e+09 1.510935274000000000e+09
1.510935274000000000e+09 1.510946074000000000e+09
1.510977667000000000e+09 1.510988467000000000e+09
1.510988467000000000e+09 1.510999267000000000e+09
1.510999267000000000e+09 1.511010067000000000e+09
1.511010067000000000e+09 1.511020867000000000e+09
1.511020867000000000e+09 1.511031667000000000e+09
1.511031667000000000e+09 1.511042467000000000e+09
1.511042467000000000e+09 1.511047886000000000e+09
1.511074375000000000e+09 1.511085175000000000e+09
1.511085175000000000e+09 1.511095975000000000e+09
1.511095975000000000e+09 1.511106775000000000e+09
1.511106775000000000e+09 1.511117575000000000e+09
1.511117575000000000e+09 1.511128375000000000e+09
1.511128375000000000e+09 1.511139175000000000e+09
1.511139175000000000e+09 1.511147003000000000e+09
1.511171686000000000e+09 1.511182486000000000e+09
1.511182486000000000e+09 1.511193286000000000e+09
1.511193286000000000e+09 1.511204086000000000e+09
1.511204086000000000e+09 1.511214886000000000e+09
1.511214886000000000e+09 1.511225686000000000e+09
1.511225686000000000e+09 1.511236486000000000e+09
1.511236486000000000e+09 1.511246259000000000e+09
1.511268837000000000e+09 1.511279637000000000e+09
1.511279637000000000e+09 1.511290437000000000e+09
1.511290437000000000e+09 1.511301237000000000e+09
1.511301237000000000e+09 1.511312037000000000e+09
1.511312037000000000e+09 1.511322837000000000e+09
1.511322837000000000e+09 1.511333637000000000e+09
1.511333637000000000e+09 1.511344437000000000e+09
1.511366304000000000e+09 1.511377104000000000e+09
1.511377104000000000e+09 1.511387904000000000e+09
1.511387904000000000e+09 1.511398704000000000e+09
1.511398704000000000e+09 1.511409504000000000e+09
1.511409504000000000e+09 1.511420304000000000e+09
1.511420304000000000e+09 1.511431104000000000e+09
1.511431104000000000e+09 1.511441904000000000e+09
1.511464266000000000e+09 1.511475066000000000e+09
1.511475066000000000e+09 1.511485866000000000e+09
1.511485866000000000e+09 1.511496666000000000e+09
1.511496666000000000e+09 1.511507466000000000e+09
1.511507466000000000e+09 1.511518266000000000e+09
1.511518266000000000e+09 1.511529066000000000e+09
1.511529066000000000e+09 1.511539866000000000e+09
1.511562320000000000e+09 1.511573120000000000e+09
1.511573120000000000e+09 1.511583920000000000e+09
1.511583920000000000e+09 1.511594720000000000e+09
1.511594720000000000e+09 1.511605520000000000e+09
1.511605520000000000e+09 1.511616320000000000e+09
1.512979242000000000e+09 1.512990042000000000e+09
1.512990042000000000e+09 1.513000842000000000e+09
1.513000842000000000e+09 1.513008650000000000e+09
1.513025783000000000e+09 1.513036583000000000e+09
1.513036583000000000e+09 1.513047383000000000e+09
1.513047383000000000e+09 1.513058183000000000e+09
1.513058183000000000e+09 1.513068983000000000e+09
1.513068983000000000e+09 1.513079783000000000e+09
1.513079783000000000e+09 1.513090583000000000e+09
1.513090583000000000e+09 1.513101383000000000e+09
1.513122683000000000e+09 1.513133483000000000e+09
1.513133483000000000e+09 1.513144283000000000e+09
1.513144283000000000e+09 1.513155083000000000e+09
1.513155083000000000e+09 1.513165883000000000e+09
1.513165883000000000e+09 1.513176683000000000e+09
1.513176683000000000e+09 1.513187483000000000e+09
1.513187483000000000e+09 1.513198283000000000e+09
1.513219245000000000e+09 1.513230045000000000e+09
1.513230045000000000e+09 1.513240845000000000e+09
1.513240845000000000e+09 1.513251645000000000e+09
1.513251645000000000e+09 1.513262445000000000e+09
1.513262445000000000e+09 1.513273245000000000e+09
1.513273245000000000e+09 1.513284045000000000e+09
1.513284045000000000e+09 1.513294845000000000e+09
1.513315689000000000e+09 1.513326489000000000e+09
1.513326489000000000e+09 1.513337289000000000e+09
1.513337289000000000e+09 1.513348089000000000e+09
1.513348089000000000e+09 1.513358889000000000e+09
1.513358889000000000e+09 1.513369689000000000e+09
1.513369689000000000e+09 1.513380489000000000e+09
1.513380489000000000e+09 1.513391289000000000e+09
1.513391289000000000e+09 1.513397465000000000e+09
1.513412219000000000e+09 1.513423019000000000e+09
1.513423019000000000e+09 1.513433819000000000e+09
1.513433819000000000e+09 1.513444619000000000e+09
1.513444619000000000e+09 1.513455419000000000e+09
1.513455419000000000e+09 1.513466219000000000e+09
1.513466219000000000e+09 1.513477019000000000e+09
1.513477019000000000e+09 1.513487819000000000e+09
1.513487819000000000e+09 1.513495570000000000e+09
1.513508888000000000e+09 1.513519688000000000e+09
1.513519688000000000e+09 1.513530488000000000e+09
1.513530488000000000e+09 1.513541288000000000e+09
1.513541288000000000e+09 1.513552088000000000e+09
1.513552088000000000e+09 1.513562888000000000e+09
1.513562888000000000e+09 1.513573688000000000e+09
1.513573688000000000e+09 1.513584488000000000e+09
1.513584488000000000e+09 1.513593815000000000e+09
1.513605849000000000e+09 1.513616649000000000e+09
1.513616649000000000e+09 1.513627449000000000e+09
1.513627449000000000e+09 1.513638249000000000e+09
1.513638249000000000e+09 1.513649049000000000e+09
1.513649049000000000e+09 1.513659849000000000e+09
1.513659849000000000e+09 1.513670649000000000e+09
1.513670649000000000e+09 1.513681449000000000e+09
1.513681449000000000e+09 1.513692228000000000e+09
1.513703252000000000e+09 1.513714052000000000e+09
1.513714052000000000e+09 1.513724852000000000e+09
1.513724852000000000e+09 1.513735652000000000e+09
1.513735652000000000e+09 1.513746452000000000e+09
1.513746452000000000e+09 1.513757252000000000e+09
1.513757252000000000e+09 1.513768052000000000e+09
1.513768052000000000e+09 1.513778852000000000e+09
1.513778852000000000e+09 1.513789652000000000e+09
1.513800923000000000e+09 1.513811723000000000e+09
1.513811723000000000e+09 1.513822523000000000e+09
1.513822523000000000e+09 1.513833323000000000e+09
1.513833323000000000e+09 1.513844123000000000e+09
1.513844123000000000e+09 1.513854923000000000e+09
1.513854923000000000e+09 1.513865723000000000e+09
1.513865723000000000e+09 1.513876523000000000e+09
1.513876523000000000e+09 1.513887323000000000e+09
1.513898856000000000e+09 1.513909656000000000e+09
1.513909656000000000e+09 1.513920456000000000e+09
1.513920456000000000e+09 1.513931256000000000e+09
1.513931256000000000e+09 1.513942056000000000e+09
1.513942056000000000e+09 1.513952856000000000e+09
1.513952856000000000e+09 1.513963656000000000e+09
1.513963656000000000e+09 1.513974456000000000e+09
1.513974456000000000e+09 1.513985256000000000e+09
1.513996993000000000e+09 1.514007793000000000e+09
1.514007793000000000e+09 1.514018593000000000e+09
1.514018593000000000e+09 1.514029393000000000e+09
1.514029393000000000e+09 1.514040193000000000e+09
1.514040193000000000e+09 1.514050993000000000e+09
1.514050993000000000e+09 1.514061793000000000e+09
1.514061793000000000e+09 1.514072593000000000e+09
1.514072593000000000e+09 1.514083393000000000e+09
1.514095053000000000e+09 1.514105853000000000e+09
1.514105853000000000e+09 1.514116653000000000e+09
1.514116653000000000e+09 1.514127453000000000e+09
1.514127453000000000e+09 1.514138253000000000e+09
1.514138253000000000e+09 1.514149053000000000e+09
1.514149053000000000e+09 1.514159853000000000e+09
1.514159853000000000e+09 1.514170653000000000e+09
1.514170653000000000e+09 1.514181453000000000e+09
1.515557219000000000e+09 1.515568019000000000e+09
1.515568019000000000e+09 1.515578819000000000e+09
1.515578819000000000e+09 1.515589619000000000e+09
1.515589619000000000e+09 1.515600419000000000e+09
1.515600419000000000e+09 1.515611219000000000e+09
1.515611219000000000e+09 1.515622019000000000e+09
1.515622019000000000e+09 1.515632819000000000e+09
1.515632819000000000e+09 1.515643166000000000e+09
1.515653795000000000e+09 1.515664595000000000e+09
1.515664595000000000e+09 1.515675395000000000e+09
1.515675395000000000e+09 1.515686195000000000e+09
1.515686195000000000e+09 1.515696995000000000e+09
1.515696995000000000e+09 1.515707795000000000e+09
1.515707795000000000e+09 1.515718595000000000e+09
1.515718595000000000e+09 1.515729395000000000e+09
1.515729395000000000e+09 1.515740030000000000e+09
1.515750134000000000e+09 1.515760934000000000e+09
1.515760934000000000e+09 1.515771734000000000e+09
1.515771734000000000e+09 1.515782534000000000e+09
1.515782534000000000e+09 1.515793334000000000e+09
1.515793334000000000e+09 1.515804134000000000e+09
1.515804134000000000e+09 1.515814934000000000e+09
1.515814934000000000e+09 1.515825734000000000e+09
1.515825734000000000e+09 1.515836534000000000e+09
1.515846711000000000e+09 1.515857511000000000e+09
1.515857511000000000e+09 1.515868311000000000e+09
1.515868311000000000e+09 1.515879111000000000e+09
1.515879111000000000e+09 1.515889911000000000e+09
1.515889911000000000e+09 1.515900711000000000e+09
1.515900711000000000e+09 1.515911511000000000e+09
1.515911511000000000e+09 1.515922311000000000e+09
1.515922311000000000e+09 1.515933111000000000e+09
1.515943411000000000e+09 1.515954211000000000e+09
1.515954211000000000e+09 1.515965011000000000e+09
1.515965011000000000e+09 1.515975811000000000e+09
1.515975811000000000e+09 1.515986611000000000e+09
1.515986611000000000e+09 1.515997411000000000e+09
1.515997411000000000e+09 1.516008211000000000e+09
1.516008211000000000e+09 1.516019011000000000e+09
1.516019011000000000e+09 1.516029811000000000e+09
1.516040345000000000e+09 1.516051145000000000e+09
1.516051145000000000e+09 1.516061945000000000e+09
1.516061945000000000e+09 1.516072745000000000e+09
1.516072745000000000e+09 1.516083545000000000e+09
1.516083545000000000e+09 1.516094345000000000e+09
1.516094345000000000e+09 1.516105145000000000e+09
1.516105145000000000e+09 1.516115945000000000e+09
1.516115945000000000e+09 1.516126745000000000e+09
1.516137754000000000e+09 1.516148554000000000e+09
1.516148554000000000e+09 1.516159354000000000e+09
1.516159354000000000e+09 1.516170154000000000e+09
1.516170154000000000e+09 1.516180954000000000e+09
1.516180954000000000e+09 1.516191754000000000e+09
1.516191754000000000e+09 1.516202554000000000e+09
1.516202554000000000e+09 1.516213354000000000e+09
1.516213354000000000e+09 1.516224154000000000e+09
1.516235427000000000e+09 1.516246227000000000e+09
1.516246227000000000e+09 1.516257027000000000e+09
1.516257027000000000e+09 1.516267827000000000e+09
1.516267827000000000e+09 1.516278627000000000e+09
1.516278627000000000e+09 1.516289427000000000e+09
1.516289427000000000e+09 1.516300227000000000e+09
1.516300227000000000e+09 1.516311027000000000e+09
1.516311027000000000e+09 1.516321827000000000e+09
1.516321827000000000e+09 1.516327319000000000e+09
1.516333489000000000e+09 1.516344289000000000e+09
1.516344289000000000e+09 1.516355089000000000e+09
1.516355089000000000e+09 1.516365889000000000e+09
1.516365889000000000e+09 1.516376689000000000e+09
1.516376689000000000e+09 1.516387489000000000e+09
1.516387489000000000e+09 1.516398289000000000e+09
1.516398289000000000e+09 1.516409089000000000e+09
1.516409089000000000e+09 1.516419889000000000e+09
1.516419889000000000e+09 1.516425455000000000e+09
1.516431625000000000e+09 1.516442425000000000e+09
1.516442425000000000e+09 1.516453225000000000e+09
1.516453225000000000e+09 1.516464025000000000e+09
1.516464025000000000e+09 1.516474825000000000e+09
1.516474825000000000e+09 1.516485625000000000e+09
1.516485625000000000e+09 1.516496425000000000e+09
1.516496425000000000e+09 1.516507225000000000e+09
1.516507225000000000e+09 1.516518025000000000e+09
1.516529667000000000e+09 1.516540467000000000e+09
1.516540467000000000e+09 1.516551267000000000e+09
1.516551267000000000e+09 1.516562067000000000e+09
1.516562067000000000e+09 1.516572867000000000e+09
1.516572867000000000e+09 1.516583667000000000e+09
1.516583667000000000e+09 1.516594467000000000e+09
1.516594467000000000e+09 1.516605267000000000e+09
1.516605267000000000e+09 1.516616067000000000e+09
1.516627617000000000e+09 1.516638417000000000e+09
1.516638417000000000e+09 1.516649217000000000e+09
1.516649217000000000e+09 1.516660017000000000e+09
1.516660017000000000e+09 1.516670817000000000e+09
1.516670817000000000e+09 1.516681617000000000e+09
1.516681617000000000e+09 1.516692417000000000e+09
1.516692417000000000e+09 1.516703217000000000e+09
1.516703217000000000e+09 1.516714017000000000e+09
1.516725231000000000e+09 1.516736031000000000e+09
1.516736031000000000e+09 1.516746831000000000e+09
1.516746831000000000e+09 1.516755537000000000e+09
1.518105514000000000e+09 1.518116314000000000e+09
1.518116314000000000e+09 1.518127114000000000e+09
1.518127114000000000e+09 1.518137914000000000e+09
1.518137914000000000e+09 1.518148714000000000e+09
1.518148714000000000e+09 1.518159514000000000e+09
1.518159514000000000e+09 1.518170314000000000e+09
1.518170314000000000e+09 1.518177379000000000e+09
1.518184726000000000e+09 1.518195526000000000e+09
1.518195526000000000e+09 1.518206326000000000e+09
1.518206326000000000e+09 1.518217126000000000e+09
1.518217126000000000e+09 1.518227926000000000e+09
1.518227926000000000e+09 1.518238726000000000e+09
1.518238726000000000e+09 1.518249526000000000e+09
1.518249526000000000e+09 1.518260326000000000e+09
1.518260326000000000e+09 1.518271126000000000e+09
1.518281110000000000e+09 1.518291910000000000e+09
1.518291910000000000e+09 1.518302710000000000e+09
1.518302710000000000e+09 1.518313510000000000e+09
1.518313510000000000e+09 1.518324310000000000e+09
1.518324310000000000e+09 1.518335110000000000e+09
1.518335110000000000e+09 1.518345910000000000e+09
1.518345910000000000e+09 1.518356710000000000e+09
1.518356710000000000e+09 1.518367510000000000e+09
1.518377865000000000e+09 1.518388665000000000e+09
1.518388665000000000e+09 1.518399465000000000e+09
1.518399465000000000e+09 1.518410265000000000e+09
1.518410265000000000e+09 1.518421065000000000e+09
1.518421065000000000e+09 1.518431865000000000e+09
1.518431865000000000e+09 1.518442665000000000e+09
1.518442665000000000e+09 1.518453465000000000e+09
1.518453465000000000e+09 1.518464265000000000e+09
1.518474943000000000e+09 1.518485743000000000e+09
1.518485743000000000e+09 1.518496543000000000e+09
1.518496543000000000e+09 1.518507343000000000e+09
1.518507343000000000e+09 1.518518143000000000e+09
1.518518143000000000e+09 1.518528943000000000e+09
1.518528943000000000e+09 1.518539743000000000e+09
1.518539743000000000e+09 1.518550543000000000e+09
1.518550543000000000e+09 1.518561343000000000e+09
1.518561343000000000e+09 1.518567360000000000e+09
1.518572345000000000e+09 1.518583145000000000e+09
1.518583145000000000e+09 1.518593945000000000e+09
1.518593945000000000e+09 1.518604745000000000e+09
1.518604745000000000e+09 1.518615545000000000e+09
1.518615545000000000e+09 1.518626345000000000e+09
1.518626345000000000e+09 1.518637145000000000e+09
1.518637145000000000e+09 1.518647945000000000e+09
1.518647945000000000e+09 1.518658745000000000e+09
1.518658745000000000e+09 1.518665554000000000e+09
1.518670018000000000e+09 1.518680818000000000e+09
1.518680818000000000e+09 1.518691618000000000e+09
1.518691618000000000e+09 1.518702418000000000e+09
1.518702418000000000e+09 1.518713218000000000e+09
1.518713218000000000e+09 1.518724018000000000e+09
1.518724018000000000e+09 1.518734818000000000e+09
1.518734818000000000e+09 1.518745618000000000e+09
1.518745618000000000e+09 1.518756418000000000e+09
1.518756418000000000e+09 1.518763690000000000e+09
1.518768150000000000e+09 1.518778950000000000e+09
1.518778950000000000e+09 1.518789750000000000e+09
1.518789750000000000e+09 1.518800550000000000e+09
1.518800550000000000e+09 1.518811350000000000e+09
1.518811350000000000e+09 1.518822150000000000e+09
1.518822150000000000e+09 1.518832950000000000e+09
1.518832950000000000e+09 1.518843750000000000e+09
1.518843750000000000e+09 1.518854550000000000e+09
1.518854550000000000e+09 1.518861777000000000e+09
1.518866369000000000e+09 1.518877169000000000e+09
1.518877169000000000e+09 1.518887969000000000e+09
1.518887969000000000e+09 1.518898769000000000e+09
1.518898769000000000e+09 1.518909569000000000e+09
1.518909569000000000e+09 1.518920369000000000e+09
1.518920369000000000e+09 1.518931169000000000e+09
1.518931169000000000e+09 1.518941969000000000e+09
1.518941969000000000e+09 1.518952769000000000e+09
1.518952769000000000e+09 1.518959667000000000e+09
1.518964521000000000e+09 1.518975321000000000e+09
1.518975321000000000e+09 1.518986121000000000e+09
1.518986121000000000e+09 1.518996921000000000e+09
1.518996921000000000e+09 1.519007721000000000e+09
1.519007721000000000e+09 1.519018521000000000e+09
1.519018521000000000e+09 1.519029321000000000e+09
1.519029321000000000e+09 1.519040121000000000e+09
1.519040121000000000e+09 1.519050921000000000e+09
1.519050921000000000e+09 1.519056966000000000e+09
1.519062480000000000e+09 1.519073280000000000e+09
1.519073280000000000e+09 1.519084080000000000e+09
1.519084080000000000e+09 1.519094880000000000e+09
1.519094880000000000e+09 1.519105680000000000e+09
1.519105680000000000e+09 1.519116480000000000e+09
1.519116480000000000e+09 1.519127280000000000e+09
1.519127280000000000e+09 1.519138080000000000e+09
1.519138080000000000e+09 1.519148880000000000e+09
1.519160200000000000e+09 1.519171000000000000e+09
1.519171000000000000e+09 1.519181800000000000e+09
1.519181800000000000e+09 1.519192600000000000e+09
1.519192600000000000e+09 1.519203400000000000e+09
1.519203400000000000e+09 1.519214200000000000e+09
1.519214200000000000e+09 1.519225000000000000e+09
1.519225000000000000e+09 1.519235800000000000e+09
1.519235800000000000e+09 1.519246600000000000e+09
1.519257264000000000e+09 1.519268064000000000e+09
1.519268064000000000e+09 1.519278864000000000e+09
1.519278864000000000e+09 1.519289664000000000e+09
1.519289664000000000e+09 1.519298994000000000e+09
1.520677042000000000e+09 1.520687842000000000e+09
1.520687842000000000e+09 1.520698642000000000e+09
1.520698642000000000e+09 1.520709442000000000e+09
1.520716707000000000e+09 1.520727507000000000e+09
1.520727507000000000e+09 1.520738307000000000e+09
1.520738307000000000e+09 1.520749107000000000e+09
1.520749107000000000e+09 1.520759907000000000e+09
1.520759907000000000e+09 1.520770707000000000e+09
1.520770707000000000e+09 1.520781507000000000e+09
1.520781507000000000e+09 1.520792307000000000e+09
1.520792307000000000e+09 1.520803107000000000e+09
1.520813426000000000e+09 1.520824226000000000e+09
1.520824226000000000e+09 1.520835026000000000e+09
1.520835026000000000e+09 1.520845826000000000e+09
1.520845826000000000e+09 1.520856626000000000e+09
1.520856626000000000e+09 1.520867426000000000e+09
1.520867426000000000e+09 1.520878226000000000e+09
1.520878226000000000e+09 1.520889026000000000e+09
1.520889026000000000e+09 1.520899826000000000e+09
1.520910443000000000e+09 1.520921243000000000e+09
1.520921243000000000e+09 1.520932043000000000e+09
1.520932043000000000e+09 1.520942843000000000e+09
1.520942843000000000e+09 1.520953643000000000e+09
1.520953643000000000e+09 1.520964443000000000e+09
1.520964443000000000e+09 1.520975243000000000e+09
1.520975243000000000e+09 1.520986043000000000e+09
1.520986043000000000e+09 1.520996843000000000e+09
1.520996843000000000e+09 1.521002350000000000e+09
1.521007864000000000e+09 1.521018664000000000e+09
1.521018664000000000e+09 1.521029464000000000e+09
1.521029464000000000e+09 1.521040264000000000e+09
1.521040264000000000e+09 1.521051064000000000e+09
1.521051064000000000e+09 1.521061864000000000e+09
1.521061864000000000e+09 1.521072664000000000e+09
1.521072664000000000e+09 1.521083464000000000e+09
1.521083464000000000e+09 1.521094264000000000e+09
1.521094264000000000e+09 1.521100541000000000e+09
1.521105657000000000e+09 1.521116457000000000e+09
1.521116457000000000e+09 1.521127257000000000e+09
1.521127257000000000e+09 1.521138057000000000e+09
1.521138057000000000e+09 1.521148857000000000e+09
1.521148857000000000e+09 1.521159657000000000e+09
1.521159657000000000e+09 1.521170457000000000e+09
1.521170457000000000e+09 1.521181257000000000e+09
1.521181257000000000e+09 1.521192057000000000e+09
1.521192057000000000e+09 1.521198679000000000e+09
1.521203795000000000e+09 1.521214595000000000e+09
1.521214595000000000e+09 1.521225395000000000e+09
1.521225395000000000e+09 1.521236195000000000e+09
1.521236195000000000e+09 1.521246995000000000e+09
1.521246995000000000e+09 1.521257795000000000e+09
1.521257795000000000e+09 1.521268595000000000e+09
1.521268595000000000e+09 1.521279395000000000e+09
1.521279395000000000e+09 1.521290195000000000e+09
1.521290195000000000e+09 1.521296780000000000e+09
1.521302163000000000e+09 1.521312963000000000e+09
1.521312963000000000e+09 1.521323763000000000e+09
1.521323763000000000e+09 1.521334563000000000e+09
1.521334563000000000e+09 1.521345363000000000e+09
1.521345363000000000e+09 1.521356163000000000e+09
1.521356163000000000e+09 1.521366963000000000e+09
1.521366963000000000e+09 1.521377763000000000e+09
1.521377763000000000e+09 1.521388563000000000e+09
1.521388563000000000e+09 1.521394606000000000e+09
1.521400514000000000e+09 1.521411314000000000e+09
1.521411314000000000e+09 1.521422114000000000e+09
1.521422114000000000e+09 1.521432914000000000e+09
1.521432914000000000e+09 1.521443714000000000e+09
1.521443714000000000e+09 1.521454514000000000e+09
1.521454514000000000e+09 1.521465314000000000e+09
1.521465314000000000e+09 1.521476114000000000e+09
1.521476114000000000e+09 1.521486914000000000e+09
1.521498602000000000e+09 1.521509402000000000e+09
1.521509402000000000e+09 1.521520202000000000e+09
1.521520202000000000e+09 1.521531002000000000e+09
1.521531002000000000e+09 1.521541802000000000e+09
1.521541802000000000e+09 1.521552602000000000e+09
1.521552602000000000e+09 1.521563402000000000e+09
1.521563402000000000e+09 1.521574202000000000e+09
1.521574202000000000e+09 1.521585002000000000e+09
1.521585002000000000e+09 1.521595160000000000e+09
1.521596472000000000e+09 1.521607272000000000e+09
1.521607272000000000e+09 1.521618072000000000e+09
1.521618072000000000e+09 1.521628872000000000e+09
1.521628872000000000e+09 1.521639672000000000e+09
1.521639672000000000e+09 1.521650472000000000e+09
1.521650472000000000e+09 1.521661272000000000e+09
1.521661272000000000e+09 1.521672072000000000e+09
1.521672072000000000e+09 1.521682872000000000e+09
1.521693699000000000e+09 1.521704499000000000e+09
1.521704499000000000e+09 1.521715299000000000e+09
1.521715299000000000e+09 1.521726099000000000e+09
1.521726099000000000e+09 1.521736899000000000e+09
1.521736899000000000e+09 1.521747699000000000e+09
1.521747699000000000e+09 1.521758499000000000e+09
1.521758499000000000e+09 1.521769299000000000e+09
1.521769299000000000e+09 1.521780099000000000e+09
1.521790485000000000e+09 1.521801285000000000e+09
1.521801285000000000e+09 1.521812085000000000e+09
1.521812085000000000e+09 1.521822885000000000e+09
1.521822885000000000e+09 1.521830032000000000e+09
1.523265980000000000e+09 1.523276780000000000e+09
1.523276780000000000e+09 1.523287580000000000e+09
1.523287580000000000e+09 1.523298380000000000e+09
1.523298380000000000e+09 1.523309180000000000e+09
1.523309180000000000e+09 1.523319980000000000e+09
1.523319980000000000e+09 1.523330780000000000e+09
1.523330780000000000e+09 1.523338863000000000e+09
1.523348051000000000e+09 1.523358851000000000e+09
1.523358851000000000e+09 1.523369651000000000e+09
1.523369651000000000e+09 1.523380451000000000e+09
1.523380451000000000e+09 1.523391251000000000e+09
1.523391251000000000e+09 1.523402051000000000e+09
1.523402051000000000e+09 1.523412851000000000e+09
1.523412851000000000e+09 1.523423651000000000e+09
1.523423651000000000e+09 1.523434451000000000e+09
1.523445339000000000e+09 1.523456139000000000e+09
1.523456139000000000e+09 1.523466939000000000e+09
1.523466939000000000e+09 1.523477739000000000e+09
1.523477739000000000e+09 1.523488539000000000e+09
1.523488539000000000e+09 1.523499339000000000e+09
1.523499339000000000e+09 1.523510139000000000e+09
1.523510139000000000e+09 1.523520939000000000e+09
1.523520939000000000e+09 1.523531739000000000e+09
1.523542954000000000e+09 1.523553754000000000e+09
1.523553754000000000e+09 1.523564554000000000e+09
1.523564554000000000e+09 1.523575354000000000e+09
1.523575354000000000e+09 1.523586154000000000e+09
1.523586154000000000e+09 1.523596954000000000e+09
1.523596954000000000e+09 1.523607754000000000e+09
1.523607754000000000e+09 1.523618554000000000e+09
1.523618554000000000e+09 1.523629354000000000e+09
1.523641144000000000e+09 1.523651944000000000e+09
1.523651944000000000e+09 1.523662744000000000e+09
1.523662744000000000e+09 1.523673544000000000e+09
1.523673544000000000e+09 1.523684344000000000e+09
1.523684344000000000e+09 1.523695144000000000e+09
1.523695144000000000e+09 1.523705944000000000e+09
1.523705944000000000e+09 1.523716744000000000e+09
1.523716744000000000e+09 1.523727544000000000e+09
1.523739700000000000e+09 1.523750500000000000e+09
1.523750500000000000e+09 1.523761300000000000e+09
1.523761300000000000e+09 1.523772100000000000e+09
1.523772100000000000e+09 1.523782900000000000e+09
1.523782900000000000e+09 1.523793700000000000e+09
1.523793700000000000e+09 1.523804500000000000e+09
1.523804500000000000e+09 1.523815300000000000e+09
1.523815300000000000e+09 1.523826100000000000e+09
1.523838173000000000e+09 1.523848973000000000e+09
1.523848973000000000e+09 1.523859773000000000e+09
1.523859773000000000e+09 1.523870573000000000e+09
1.523870573000000000e+09 1.523881373000000000e+09
1.523881373000000000e+09 1.523892173000000000e+09
1.523892173000000000e+09 1.523902973000000000e+09
1.523902973000000000e+09 1.523913773000000000e+09
1.523913773000000000e+09 1.523924573000000000e+09
1.523936719000000000e+09 1.523947519000000000e+09
1.523947519000000000e+09 1.523958319000000000e+09
1.523958319000000000e+09 1.523969119000000000e+09
1.523969119000000000e+09 1.523979919000000000e+09
1.523979919000000000e+09 1.523990719000000000e+09
1.523990719000000000e+09 1.524001519000000000e+09
1.524001519000000000e+09 1.524012319000000000e+09
1.524012319000000000e+09 1.524023119000000000e+09
1.524034839000000000e+09 1.524045639000000000e+09
1.524045639000000000e+09 1.524056439000000000e+09
1.524056439000000000e+09 1.524067239000000000e+09
1.524067239000000000e+09 1.524078039000000000e+09
1.524078039000000000e+09 1.524088839000000000e+09
1.524088839000000000e+09 1.524099639000000000e+09
1.524099639000000000e+09 1.524110439000000000e+09
1.524110439000000000e+09 1.524119500000000000e+09
1.524132741000000000e+09 1.524143541000000000e+09
1.524143541000000000e+09 1.524154341000000000e+09
1.524154341000000000e+09 1.524165141000000000e+09
1.524165141000000000e+09 1.524175941000000000e+09
1.524175941000000000e+09 1.524186741000000000e+09
1.524186741000000000e+09 1.524197541000000000e+09
1.524197541000000000e+09 1.524208341000000000e+09
1.524208341000000000e+09 1.524215761000000000e+09
1.524229789000000000e+09 1.524240589000000000e+09
1.524240589000000000e+09 1.524251389000000000e+09
1.524251389000000000e+09 1.524262189000000000e+09
1.524262189000000000e+09 1.524272989000000000e+09
1.524272989000000000e+09 1.524283789000000000e+09
1.524283789000000000e+09 1.524294589000000000e+09
1.524294589000000000e+09 1.524305389000000000e+09
1.524305389000000000e+09 1.524312362000000000e+09
1.524325861000000000e+09 1.524336661000000000e+09
1.524336661000000000e+09 1.524347461000000000e+09
1.525833654000000000e+09 1.525844454000000000e+09
1.525844454000000000e+09 1.525855254000000000e+09
1.525855254000000000e+09 1.525866054000000000e+09
1.525885819000000000e+09 1.525896619000000000e+09
1.525896619000000000e+09 1.525907419000000000e+09
1.525907419000000000e+09 1.525918219000000000e+09
1.525918219000000000e+09 1.525929019000000000e+09
1.525929019000000000e+09 1.525939819000000000e+09
1.525939819000000000e+09 1.525950619000000000e+09
1.525950619000000000e+09 1.525961419000000000e+09
1.525961419000000000e+09 1.525969414000000000e+09
1.525983328000000000e+09 1.525994128000000000e+09
1.525994128000000000e+09 1.526004928000000000e+09
1.526004928000000000e+09 1.526015728000000000e+09
1.526015728000000000e+09 1.526026528000000000e+09
1.526026528000000000e+09 1.526037328000000000e+09
1.526037328000000000e+09 1.526048128000000000e+09
1.526048128000000000e+09 1.526058928000000000e+09
1.526058928000000000e+09 1.526067608000000000e+09
1.526081769000000000e+09 1.526092569000000000e+09
1.526092569000000000e+09 1.526103369000000000e+09
1.526103369000000000e+09 1.526114169000000000e+09
1.526114169000000000e+09 1.526124969000000000e+09
1.526124969000000000e+09 1.526135769000000000e+09
1.526135769000000000e+09 1.526146569000000000e+09
1.526146569000000000e+09 1.526157369000000000e+09
1.526157369000000000e+09 1.526165745000000000e+09
1.526180168000000000e+09 1.526190968000000000e+09
1.526190968000000000e+09 1.526201768000000000e+09
1.526201768000000000e+09 1.526212568000000000e+09
1.526212568000000000e+09 1.526223368000000000e+09
1.526223368000000000e+09 1.526234168000000000e+09
1.526234168000000000e+09 1.526244968000000000e+09
1.526244968000000000e+09 1.526255768000000000e+09
1.526255768000000000e+09 1.526263657000000000e+09
1.526278994000000000e+09 1.526289794000000000e+09
1.526289794000000000e+09 1.526300594000000000e+09
1.526300594000000000e+09 1.526311394000000000e+09
1.526311394000000000e+09 1.526322194000000000e+09
1.526322194000000000e+09 1.526332994000000000e+09
1.526332994000000000e+09 1.526343794000000000e+09
1.526343794000000000e+09 1.526354594000000000e+09
1.526354594000000000e+09 1.526360895000000000e+09
1.526377939000000000e+09 1.526388739000000000e+09
1.526388739000000000e+09 1.526399539000000000e+09
1.526399539000000000e+09 1.526410339000000000e+09
1.526410339000000000e+09 1.526421139000000000e+09
1.526421139000000000e+09 1.526431939000000000e+09
1.526431939000000000e+09 1.526442739000000000e+09
1.526442739000000000e+09 1.526453539000000000e+09
1.526476712000000000e+09 1.526487512000000000e+09
1.526487512000000000e+09 1.526498312000000000e+09
1.526498312000000000e+09 1.526509112000000000e+09
1.526509112000000000e+09 1.526519912000000000e+09
1.526519912000000000e+09 1.526530712000000000e+09
1.526530712000000000e+09 1.526541512000000000e+09
1.526541512000000000e+09 1.526552312000000000e+09
1.526574816000000000e+09 1.526585616000000000e+09
1.526585616000000000e+09 1.526596416000000000e+09
1.526596416000000000e+09 1.526607216000000000e+09
1.526607216000000000e+09 1.526618016000000000e+09
1.526618016000000000e+09 1.526628816000000000e+09
1.526628816000000000e+09 1.526639616000000000e+09
1.526639616000000000e+09 1.526650169000000000e+09
1.526672468000000000e+09 1.526683268000000000e+09
1.526683268000000000e+09 1.526694068000000000e+09
1.526694068000000000e+09 1.526704868000000000e+09
1.526704868000000000e+09 1.526715668000000000e+09
1.526715668000000000e+09 1.526726468000000000e+09
1.526726468000000000e+09 1.526737268000000000e+09
1.526737268000000000e+09 1.526746694000000000e+09
1.526769514000000000e+09 1.526780314000000000e+09
1.526780314000000000e+09 1.526791114000000000e+09
1.526791114000000000e+09 1.526801914000000000e+09
1.526801914000000000e+09 1.526812714000000000e+09
1.526812714000000000e+09 1.526823514000000000e+09
1.526823514000000000e+09 1.526834314000000000e+09
1.526834314000000000e+09 1.526843883000000000e+09
1.528431848000000000e+09 1.528442648000000000e+09
1.528442648000000000e+09 1.528453448000000000e+09
1.528453448000000000e+09 1.528464248000000000e+09
1.528464248000000000e+09 1.528475048000000000e+09
1.528475048000000000e+09 1.528485848000000000e+09
1.528485848000000000e+09 1.528496648000000000e+09
1.528529678000000000e+09 1.528540478000000000e+09
1.528540478000000000e+09 1.528551278000000000e+09
1.528551278000000000e+09 1.528562078000000000e+09
1.528562078000000000e+09 1.528572878000000000e+09
1.528572878000000000e+09 1.528583678000000000e+09
1.528583678000000000e+09 1.528594478000000000e+09
1.528594478000000000e+09 1.528600151000000000e+09
1.528628091000000000e+09 1.528638891000000000e+09
1.528638891000000000e+09 1.528649691000000000e+09
1.528649691000000000e+09 1.528660491000000000e+09
1.528660491000000000e+09 1.528671291000000000e+09
1.528671291000000000e+09 1.528682091000000000e+09
1.528682091000000000e+09 1.528692891000000000e+09
1.528727021000000000e+09 1.528737821000000000e+09
1.528737821000000000e+09 1.528748621000000000e+09
1.528748621000000000e+09 1.528759421000000000e+09
1.528759421000000000e+09 1.528770221000000000e+09
1.528770221000000000e+09 1.528781021000000000e+09
1.528781021000000000e+09 1.528791821000000000e+09
1.528826299000000000e+09 1.528837099000000000e+09
1.528837099000000000e+09 1.528847899000000000e+09
1.528847899000000000e+09 1.528858699000000000e+09
1.528858699000000000e+09 1.528869499000000000e+09
1.528869499000000000e+09 1.528880299000000000e+09
1.528880299000000000e+09 1.528891099000000000e+09
1.528926143000000000e+09 1.528936943000000000e+09
1.528936943000000000e+09 1.528947743000000000e+09
1.528947743000000000e+09 1.528958543000000000e+09
1.528958543000000000e+09 1.528969343000000000e+09
1.528969343000000000e+09 1.528980143000000000e+09
1.528980143000000000e+09 1.528988013000000000e+09
1.529024953000000000e+09 1.529035753000000000e+09
1.529035753000000000e+09 1.529046553000000000e+09
1.529046553000000000e+09 1.529057353000000000e+09
1.529057353000000000e+09 1.529068153000000000e+09
1.529068153000000000e+09 1.529078953000000000e+09
1.529123689000000000e+09 1.529134489000000000e+09
1.529134489000000000e+09 1.529145289000000000e+09
1.529145289000000000e+09 1.529156089000000000e+09
1.529156089000000000e+09 1.529166889000000000e+09
1.529166889000000000e+09 1.529177689000000000e+09
1.529222089000000000e+09 1.529232889000000000e+09
1.529232889000000000e+09 1.529243689000000000e+09
1.529243689000000000e+09 1.529254489000000000e+09
1.529254489000000000e+09 1.529265289000000000e+09
1.529265289000000000e+09 1.529276089000000000e+09
1.529319590000000000e+09 1.529330390000000000e+09
1.529330390000000000e+09 1.529341190000000000e+09
1.529341190000000000e+09 1.529351990000000000e+09
1.529351990000000000e+09 1.529362790000000000e+09
1.529362790000000000e+09 1.529373590000000000e+09
1.530989665000000000e+09 1.531000465000000000e+09
1.531000465000000000e+09 1.531011265000000000e+09
1.531011265000000000e+09 1.531022065000000000e+09
1.531022065000000000e+09 1.531032865000000000e+09
1.531086924000000000e+09 1.531097724000000000e+09
1.531097724000000000e+09 1.531108524000000000e+09
1.531108524000000000e+09 1.531119324000000000e+09
1.531119324000000000e+09 1.531130124000000000e+09
1.531283348000000000e+09 1.531294148000000000e+09
1.531294148000000000e+09 1.531304948000000000e+09
1.531304948000000000e+09 1.531315748000000000e+09
1.531315748000000000e+09 1.531325445000000000e+09
1.531382386000000000e+09 1.531393186000000000e+09
1.531393186000000000e+09 1.531403986000000000e+09
1.531403986000000000e+09 1.531414786000000000e+09
1.531414786000000000e+09 1.531421611000000000e+09
1.531482067000000000e+09 1.531492867000000000e+09
1.531492867000000000e+09 1.531503667000000000e+09
1.531503667000000000e+09 1.531514467000000000e+09
1.531581596000000000e+09 1.531592396000000000e+09
1.531592396000000000e+09 1.531603196000000000e+09
1.531603196000000000e+09 1.531613996000000000e+09
1.531681159000000000e+09 1.531691959000000000e+09
1.531691959000000000e+09 1.531702759000000000e+09
1.531702759000000000e+09 1.531711957000000000e+09
1.531780098000000000e+09 1.531790898000000000e+09
1.531790898000000000e+09 1.531801698000000000e+09
1.531801698000000000e+09 1.531810092000000000e+09
1.531878344000000000e+09 1.531889144000000000e+09
1.531889144000000000e+09 1.531899944000000000e+09
1.531899944000000000e+09 1.531908494000000000e+09
1.533543065000000000e+09 1.533553865000000000e+09
1.533553865000000000e+09 1.533564665000000000e+09
1.533639890000000000e+09 1.533650690000000000e+09
1.533650690000000000e+09 1.533661490000000000e+09
1.533736793000000000e+09 1.533747593000000000e+09
1.533747593000000000e+09 1.533758393000000000e+09
1.533834321000000000e+09 1.533845121000000000e+09
1.533845121000000000e+09 1.533855155000000000e+09
1.533933007000000000e+09 1.533943807000000000e+09
1.533943807000000000e+09 1.533951416000000000e+09
1.534032238000000000e+09 1.534043038000000000e+09
1.534131465000000000e+09 1.534142265000000000e+09
1.534230693000000000e+09 1.534241493000000000e+09
1.534329374000000000e+09 1.534340174000000000e+09
1.534427240000000000e+09 1.534438040000000000e+09
1.536083169000000000e+09 1.536093969000000000e+09
1.536179770000000000e+09 1.536190570000000000e+09
1.536276864000000000e+09 1.536287664000000000e+09
1.536374774000000000e+09 1.536385429000000000e+09
1.536472725000000000e+09 1.536482293000000000e+09
1.536571595000000000e+09 1.536579961000000000e+09
1.536769458000000000e+09 1.536776704000000000e+09
1.536867122000000000e+09 1.536875262000000000e+09
1.536964473000000000e+09 1.536973401000000000e+09
1.538617498000000000e+09 1.538627316000000000e+09
1.538714621000000000e+09 1.538723458000000000e+09
1.538811671000000000e+09 1.538819860000000000e+09
1.538909919000000000e+09 1.538916787000000000e+09
1.539303663000000000e+09 1.539309572000000000e+09
1.539401392000000000e+09 1.539407867000000000e+09
1.539498288000000000e+09 1.539505489000000000e+09
1.539595062000000000e+09 1.539602779000000000e+09
1.541150462000000000e+09 1.541158114000000000e+09
1.541248018000000000e+09 1.541254710000000000e+09
1.541934520000000000e+09 1.541940297000000000e+09
1.542031016000000000e+09 1.542037617000000000e+09
1.542127416000000000e+09 1.542134141000000000e+09
1.543682866000000000e+09 1.543689808000000000e+09
1.543780671000000000e+09 1.543786563000000000e+09
1.544173802000000000e+09 1.544179563000000000e+09
1.544271471000000000e+09 1.544277888000000000e+09
1.544368451000000000e+09 1.544375521000000000e+09
1.544465321000000000e+09 1.544473199000000000e+09
1.544561949000000000e+09 1.544570351000000000e+09
1.544658080000000000e+09 1.544667517000000000e+09
1.544754548000000000e+09 1.544764111000000000e+09
1.546215219000000000e+09 1.546224672000000000e+09
1.546313064000000000e+09 1.546321992000000000e+09
1.546411463000000000e+09 1.546420112000000000e+09
1.546509680000000000e+09 1.546518985000000000e+09
1.546607668000000000e+09 1.546617367000000000e+09
1.546705135000000000e+09 1.546715935000000000e+09
1.546802181000000000e+09 1.546812981000000000e+09
1.547091736000000000e+09 1.547102536000000000e+09
1.547188364000000000e+09 1.547199164000000000e+09
1.547285112000000000e+09 1.547295912000000000e+09
1.548747231000000000e+09 1.548758031000000000e+09
1.548758031000000000e+09 1.548766382000000000e+09
1.548845612000000000e+09 1.548856412000000000e+09
1.548856412000000000e+09 1.548863972000000000e+09
1.548943829000000000e+09 1.548954629000000000e+09
1.548954629000000000e+09 1.548962976000000000e+09
1.549041648000000000e+09 1.549052448000000000e+09
1.549052448000000000e+09 1.549061587000000000e+09
1.549139089000000000e+09 1.549149889000000000e+09
1.549149889000000000e+09 1.549160472000000000e+09
1.549236030000000000e+09 1.549246830000000000e+09
1.549246830000000000e+09 1.549257630000000000e+09
1.549332778000000000e+09 1.549343578000000000e+09
1.549343578000000000e+09 1.549354378000000000e+09
1.549429168000000000e+09 1.549439968000000000e+09
1.549439968000000000e+09 1.549450768000000000e+09
1.549450768000000000e+09 1.549457247000000000e+09
1.549525584000000000e+09 1.549536384000000000e+09
1.549536384000000000e+09 1.549547184000000000e+09
1.549547184000000000e+09 1.549555156000000000e+09
1.549622184000000000e+09 1.549632984000000000e+09
1.549632984000000000e+09 1.549643784000000000e+09
1.549643784000000000e+09 1.549653101000000000e+09
1.549719124000000000e+09 1.549729924000000000e+09
1.549729924000000000e+09 1.549740724000000000e+09
1.549740724000000000e+09 1.549750562000000000e+09
1.549816302000000000e+09 1.549827102000000000e+09
1.549827102000000000e+09 1.549837902000000000e+09
1.549837902000000000e+09 1.549848314000000000e+09
